	INDIGNATO	PREOCCUPATO	TRISTE	DIVERTITO	SODDISFATTO
15	0.18476065844263664	0.26146700241581494	0.06468746766209482	0.2998221346489874	0.18926273683046624
17enne	0.1364613164274438	0.13892859643104746	0.3418068097438549	0.23898826281614094	0.14381501458151286
18	0.08669685346758507	0.4825355801034395	0.08189708799020837	0.180530951811166	0.16833952662760102
18enne	0.17701545670182284	0.1849037635398634	0.28101089224396403	0.18081928472057401	0.1762506027937758
1994	0.142572584978647	0.29334339102810497	0.3091172841612042	0.11839950873739925	0.1365672310946445
19enne	0.06596850637782083	0.34592646963074064	0.2824797658063646	0.11127086171167581	0.19435439647339808
2013	0.12236817563629465	0.07588024240184528	0.2313545952506425	0.3390744789432596	0.23132250776795804
2014	0.19178241647725508	0.15266461858519312	0.17518923867678235	0.22068622727300433	0.2596774989877652
2015	0.2532480644476729	0.19437367303024533	0.1092489292066095	0.20432769051703842	0.2388016427984338
20enne	0.0846473575780076	0.07220880689147012	0.2555043931997147	0.048682254835367866	0.5389571874954397
21enne	0.21293056563289467	0.179299029896658	0.35479493907259746	0.13563414606093643	0.11734131933691325
22enne	0.14997644307185062	0.14786772962899483	0.2158927446345413	0.2497872159401198	0.2364758667244934
23enne	0.1191369063382083	0.2971099202183136	0.3208998530869695	0.1968747351165994	0.06597858523990921
24enne	0.10049826159074823	0.15400479883920834	0.17954819626554402	0.29902616578212415	0.2669225775223752
25	0.19029019678460773	0.1579388725570202	0.2675443732504235	0.18851626510256167	0.19571029230538697
25enne	0.11948592104687983	0.10609989732964621	0.5921928059901306	0.05019572953440628	0.13202564609893724
26enne	0.10239342233901974	0.20711203590021812	0.26033018056711293	0.21172016833447088	0.2184441928591783
27enne	0.20552430835785257	0.0872905001285048	0.2220165359338507	0.20496638334045308	0.2802022722393388
28enne	0.14969648563364146	0.27254258849938745	0.23891647431140747	0.17629540118946915	0.16254905036609435
29enne	0.08279317409643568	0.44048673781455716	0.07502930953627547	0.2068877390751156	0.1948030394776161
32enne	0.18468655921591579	0.32574313040543995	0.20166140727001838	0.1817467128032165	0.10616219030540949
35enne	0.24447780739634806	0.20346350826119033	0.22084771471371586	0.1531433528689598	0.17806761675978588
36enne	0.06814815972087603	0.25292906284682737	0.4130430365056273	0.08608387680239409	0.17979586412427528
37enne	0.1584789922130002	0.14869654002744656	0.2322132564042873	0.32268163656490645	0.13792957479035958
3d	0.06122753172162639	0.07391895772464452	0.0435228375749139	0.49780600253803664	0.3235246704407785
3g	0.009986707992441736	0.2549604571792877	0.021605323867199953	0.2837537808432548	0.42969373011781575
40enne	0.17200758430807975	0.1830196201134914	0.39106004703055114	0.13217623248138066	0.12173651606649698
44enne	0.15674577100901138	0.32471569426074703	0.1586591092198348	0.21003937707029122	0.14984004844011561
4g	0.0758937433785829	0.3568944431055199	0.036032788320738376	0.34113922421541715	0.19003980097974163
5s	0.11298573579552151	0.2389551234929392	0.15512750508766887	0.2869879647705162	0.20594367085335424
65enne	0.36911858183745927	0.12303485730103379	0.1821129209385707	0.13724990472413948	0.1884837351987968
a2	0.38120433670139137	0.10436299403492214	0.21708207548521874	0.09201506248687169	0.20533553129159618
a2a	0.240113736422263	0.3420611823305236	0.10509111001637537	0.07537880316541659	0.23735516806542142
a4	0.22828280530840148	0.1313505787134953	0.24394303627388406	0.1782223406319905	0.21820123907222863
abadi	0.24360296863862235	0.38689527839208737	0.255609883999022	0.022951536377140525	0.09094033259312763
abate	0.17760110699353068	0.14907263816567543	0.17467067617237575	0.31227383778896384	0.18638174087945436
abbaiare	0.31355242380991966	0.11573304961975575	0.1670295467694224	0.09237743836216857	0.3113075414387336
abbandonare	0.1905196387333674	0.20749711123930306	0.2259014544907216	0.16862601508423153	0.20745578045237642
abbandonato	0.1844898403924478	0.18966876388584353	0.26466226656045394	0.15775293219312525	0.20342619696812936
abbandono	0.20047418778700293	0.20961388338904244	0.20663166123650908	0.1834825497317329	0.19979771785571276
abbas	0.1977820901829419	0.20303380141014749	0.13750214353435072	0.2514585955480412	0.2102233693245187
abbassamento	0.2245827187962061	0.2307470757438339	0.18111932866330413	0.18623579549634361	0.17731508130031223
abbassare	0.24420279694253832	0.2129789921123695	0.1432713158610367	0.1818296240074502	0.21771727107660527
abbastanza	0.1494997578821485	0.23721281466802585	0.1469783330721234	0.21177185744459104	0.25453723693311114
abbattere	0.20527451569051777	0.2306181130544804	0.26892337071713945	0.1456080730040829	0.14957592753377946
abbattimento	0.2888885190087716	0.23589937867540012	0.16773185764507761	0.14697603239788348	0.16050421227286715
abbiati	0.12821296878870056	0.10406787086652809	0.23508004503023522	0.3276132688950915	0.20502584641944457
abbiente	0.2588267285711031	0.18113493816719797	0.21731749230654718	0.16168603906228685	0.18103480189286492
abbigliamento	0.15081055519777278	0.23883643098014468	0.17451229658604142	0.25668073179373024	0.17915998544231085
abbinamento	0.07546166351012668	0.14347755456785136	0.016061489499238555	0.6734876218828096	0.09151167053997379
abbinare	0.13885073407683096	0.16238661193445902	0.08599632578441005	0.41185238800907753	0.2009139401952225
abbonamento	0.1498286936740262	0.18751460437015835	0.08721174584058879	0.34697149381588094	0.22847346229934581
abbonato	0.20476738866026442	0.28006899706186994	0.1286096518980115	0.2312881486396179	0.15526581374023618
abbondante	0.09450636130410074	0.27816566259915676	0.19704371940390591	0.23672382833556094	0.19356042835727555
abbondantemente	0.18225033489099765	0.3309567766296678	0.10844693629339042	0.24751247171240154	0.13083348047354249
abbondanza	0.1511423629661487	0.2428501513385882	0.21866149494329903	0.2260870029039065	0.1612589878480576
abbondare	0.21291043380341293	0.1982538690166881	0.12399513678897153	0.22012007689620786	0.24472048349471964
abbordabile	0.15483509433530201	0.1447779449345996	0.10922262233656584	0.41447301498586525	0.17669132340766736
abbozzare	0.19314383343681468	0.3417897832180205	0.10528740148239482	0.12886535739945293	0.23091362446331704
abbracciare	0.17060194879458027	0.1917981416639625	0.18591545930805015	0.18098835438767086	0.2706960958457363
abbraccio	0.1735046093726195	0.1489558424779555	0.22931946293713443	0.1976263598866608	0.25059372532562985
abbreviare	0.26662261484030625	0.20528665176057068	0.14626649768647432	0.16218845382349226	0.21963578188915653
abbronzare	0.11018701472808799	0.4602442725943343	0.09334713787508968	0.2307787288912061	0.10544284591128186
abc	0.17030924946494524	0.2696872944322127	0.22517545127487348	0.20063666134046465	0.13419134348750392
abdel	0.30219885740323804	0.33511716489331506	0.2191418288793494	0.04225015603926218	0.10129199278483536
abdicare	0.12101425485991947	0.14771076660902557	0.21272278364508085	0.21932396015997296	0.29922823472600113
abdul	0.15785465039123414	0.16965558221822225	0.5288490908060836	0.09371315777395708	0.049927518810503
abdullah	0.38515867389266445	0.13261018437657618	0.17401417399488958	0.12316372059340656	0.1850532471424633
abe	0.1096008921885554	0.3267103988462613	0.04485918552767977	0.28827934527976506	0.23055017815773843
abete	0.25197995593117556	0.1665316634318824	0.2355274931520066	0.1386339235210749	0.20732696396386052
abi	0.26951120952540225	0.20355328854266946	0.14283056516201673	0.17970784020398387	0.20439709656592775
abile	0.14487705413755106	0.20606216967909755	0.2374482644769923	0.19605766694274404	0.21555484476361492
abilita	0.10655891526186084	0.22407070019788045	0.09305386758034911	0.29027616288498087	0.28604035407492884
abilitare	0.2156249896937669	0.28677612381359313	0.13066234608615263	0.1823008699753658	0.1846356704311217
abilitazione	0.38599607775454153	0.22978069769257792	0.10106388778494785	0.15406005102612128	0.12909928574181148
abisso	0.16893994867346707	0.2163630545879006	0.1952184761663138	0.29460429172260005	0.12487422884971856
abitacolo	0.08915097086443677	0.16990909927355285	0.39169708499042627	0.1736144805774169	0.1756283642941671
abitante	0.18851284631690687	0.1972910329712258	0.2383368495537341	0.1797496168810736	0.19610965427705948
abitare	0.15827893851037284	0.18794810259465655	0.21812352306023888	0.24599601618883962	0.1896534196458921
abitativo	0.25073744122992253	0.25095466155251	0.09570248411866668	0.1431920814419644	0.25941333165693625
abitato	0.1175363681422731	0.2342035038907052	0.23172927298739596	0.13844347449780786	0.2780873804818178
abitazione	0.2694414305789349	0.1996512264997667	0.30355371122136465	0.11997310490568076	0.10738052679425308
abito	0.10900786104037015	0.15471467684242313	0.17626696809006123	0.40570686871344314	0.15430362531370237
abituale	0.21932083483642115	0.19368793511841678	0.11906792818719558	0.2888635460891224	0.179059755768844
abitualmente	0.28006535879296823	0.1501454882422777	0.1770691578691436	0.14619913717374752	0.24652085792186312
abituare	0.1452399404153063	0.2216730869381307	0.16431069410722898	0.24510863356328264	0.2236676449760514
abitudine	0.1549636344569116	0.1883716623181874	0.18328634695109622	0.25360862926694316	0.2197697270068616
abl	0.12549094764963775	0.2058172159658272	0.14192523859451	0.2789168451273417	0.2478497526626833
abnorme	0.3931137509420322	0.21664635793881537	0.18031966314867776	0.0774336202130615	0.13248660775741317
abolire	0.3045308562519374	0.1602405309787695	0.09470209957578042	0.22695319743459488	0.2135733157589178
abolizione	0.32221142517047024	0.14054279974164008	0.06953871397212977	0.22083128716557177	0.24687577395018812
abortire	0.1753808003375016	0.18980390301347658	0.4417440514952594	0.10407834595028602	0.08899289920347618
aborto	0.15232680201279747	0.24181829185752957	0.2085956931760766	0.212650056405201	0.18460915654839535
abrogare	0.2771484634128547	0.2949475659858045	0.18581241529766584	0.07872238981318493	0.16336916549048983
abrogativo	0.28804515949045284	0.06665916151471761	0.23444680370947446	0.12021784509673715	0.29063103018861797
abruzzese	0.20507045798019938	0.14604665357159202	0.2013034342136928	0.17227310062324863	0.2753063536112672
abruzzo	0.18232479482972713	0.21475930988188946	0.22133147277884396	0.1444968432668279	0.23708757924271168
abs	0.1861097931214062	0.4503733068908385	0.04985256225091439	0.06294875369025414	0.2507155840465867
abu	0.2668838840235833	0.22468141033451505	0.19939822426312853	0.11711481905539035	0.19192166232338287
abubakar	0.563838279070463	0.11076891732862476	0.2652069385116664	0.038625807527369105	0.021560057561876744
abusare	0.2818481848477833	0.14212048063117827	0.1521173462873523	0.24407096317347765	0.1798430250602086
abusivismo	0.2796442580409672	0.16653774104056565	0.08063634162605085	0.18320754737070175	0.2899741119217147
abusivo	0.230515127532752	0.19084910461049842	0.22583101706790484	0.13282424368969004	0.21998050709915468
abuso	0.31164934135384964	0.16530842340236607	0.16565013296519165	0.1376446724864132	0.21974742979217946
academy	0.11671467323817178	0.1762952302744057	0.17138469527610595	0.16011860841236256	0.375486792798954
accademia	0.10482800816714331	0.1324306567344708	0.2749978888362566	0.23845775927404	0.24928568698808937
accademico	0.1662299470680648	0.2427638771499201	0.1674157303883299	0.20419179710575497	0.21939864828793024
accadere	0.20079829671198612	0.21495145521732628	0.2529497519604772	0.1766359371921523	0.15466455891805814
accadra	0.24683104320335317	0.21387850151844295	0.13038921349192484	0.21344864524371004	0.19545259654256894
accampamento	0.14228982975133103	0.1693438197724202	0.2254409661465349	0.22432989749032053	0.23859548683939336
accampare	0.1912223726049325	0.23433339734680256	0.17187137201269237	0.26112516479868136	0.14144769323689135
accanimento	0.29247815447223274	0.23217964517270753	0.20628501463093737	0.10353350508372966	0.16552368064039272
accanto	0.15439257970041687	0.17884059970562202	0.18907062862139717	0.24349053756177985	0.2342056544107841
accantonamento	0.3467063016195993	0.21683882154434833	0.049911821209948824	0.23756135011219603	0.1489817055139074
accantonare	0.3030967454417654	0.1766734847451359	0.1353875081335355	0.16303092812158423	0.22181133355797894
accaparrare	0.3130831947409833	0.11288075911796983	0.15707660178874422	0.26231663946641	0.15464280488589277
accarezzare	0.1368558958923303	0.2709164566708403	0.185063684019322	0.23614371238791967	0.1710202510295877
accasciare	0.19454461926318872	0.16284168208339217	0.48564674607420094	0.06459774610555205	0.0923692064736661
accattivante	0.0866829508290551	0.1659999813928432	0.18887243256820638	0.23850881016605804	0.3199358250438372
accavallare	0.11998190966853066	0.28465370758008557	0.28709454405083024	0.13354213336959256	0.17472770533096096
accecare	0.12813160912285457	0.10339261347479566	0.16328659154133787	0.3626228898580874	0.24256629600292448
accedere	0.1700655938078202	0.19245014976885563	0.12004243910710491	0.26203883879292666	0.25540297852329263
accelerare	0.2101540171524398	0.26264339775241435	0.14034379436355227	0.1553898525345793	0.2314689381970143
acceleratore	0.15225558020942717	0.318969692232059	0.13213125801825326	0.1505880492365814	0.24605542030367922
accelerazione	0.18860731385997004	0.24636608293536577	0.16795748395105078	0.18908074199174835	0.20798837726186495
accendere	0.20171760826042745	0.17119019362035515	0.1635187409238602	0.25139573461648257	0.21217772257887468
accennare	0.18222646344422583	0.19981682304323511	0.12456853892451879	0.28700154072673045	0.2063866338612898
accenno	0.23515217598184776	0.18899977507952276	0.16060602375755884	0.2296728350344172	0.18556919014665338
accensione	0.13803653765260146	0.13327919386599532	0.07762834901105087	0.26773894758556127	0.38331697188479114
accento	0.22569653213310606	0.24129838762791136	0.16310345308917	0.17951147408988705	0.19039015305992538
accentuare	0.2017494905510866	0.2756535899644015	0.21096553777246171	0.1315723801155663	0.180059001596484
accerchiare	0.1701118215530575	0.3010233978613574	0.13602023715879522	0.13260481640744212	0.26023972701934794
accertamento	0.18759755235600414	0.1654145525134668	0.4511208104039947	0.10139198434882811	0.09447510037770616
accertare	0.2294550812754446	0.20882172000384078	0.34883579538396287	0.1142756510071355	0.09861175232961637
acceso	0.16347886730346112	0.24953129467796467	0.2213077668546364	0.18305992796316678	0.18262214320077094
accessibile	0.07598139239767566	0.18081296507401953	0.14539252433092104	0.3101704009169429	0.2876427172804409
accessibilita	0.21973514818526352	0.0917226782637871	0.07351438821339074	0.13793615939919365	0.47709162593836507
accesso	0.19883098245194483	0.2358654424801117	0.13996367267990964	0.2248807684594654	0.2004591339285684
accessorio	0.1427820341282474	0.15013674334752525	0.08632648706618705	0.4254917956020922	0.19526293985594825
accetta	0.19678752470936356	0.20654986332772263	0.0704069772266656	0.3016526560862413	0.22460297865000697
accettabile	0.2572882276894658	0.25878045391724996	0.14611239802210466	0.17620660471498534	0.16161231565619427
accettare	0.2047845479697754	0.21219907778789826	0.1682827633206528	0.22105264280207182	0.19368096811960173
accettazione	0.1602143120834707	0.14788948647226774	0.22376405569918548	0.18870166009554573	0.27943048564953027
accettera	0.1800587770459283	0.30169672404215886	0.04970347773362488	0.13356918242890103	0.3349718387493869
accetto	0.1545617218808703	0.11863140938091572	0.16435823595928606	0.30649053678558896	0.255958095993339
accezione	0.10461469120356175	0.22936519045836945	0.08841702424044767	0.2935544274696024	0.2840486666280187
acciacco	0.09144497523961122	0.21882288023094928	0.20934370012132214	0.1019883487250896	0.37840009568302785
acciaieria	0.17202206027902645	0.27653154333746716	0.2625720708963575	0.10004427104478246	0.18883005444236647
acciaio	0.11812852792826778	0.16465975126244295	0.14418768729133305	0.2860812214848421	0.28694281203311417
accidentale	0.09437758002883376	0.10254581060283613	0.4334979446139598	0.24838415752580809	0.1211945072285622
accidentalmente	0.1904794958103359	0.28887329845069915	0.281950640441548	0.04477112040763338	0.19392544488978358
accidentato	0.11098666019051352	0.3203592773773376	0.14674977265953096	0.2568974317959354	0.16500685797668266
accidente	0.16835308741235747	0.12320012421835759	0.09473754506610181	0.3688351730982792	0.24487407020490395
accingere	0.21816418687585154	0.19171040403872064	0.05190421795163315	0.37527661504305965	0.1629445760907351
accise	0.4737549312152721	0.10552182830375463	0.0587133987600642	0.11316671370184006	0.24884312801906902
acclamare	0.09657064605074626	0.20056740878701923	0.1266432725299909	0.3491205749342643	0.22709809769797928
accogliente	0.15876333276702687	0.06834758522227632	0.17476425227094977	0.23521343219759827	0.3629113975421488
accoglienza	0.2843460968397537	0.13685267879719754	0.1376409314271626	0.23505320847733777	0.2061070844585484
accogliere	0.24347101500091584	0.1842589270862563	0.1460979620212909	0.1841450029996016	0.24202709289193536
accollare	0.22610181772878077	0.26220281037003573	0.17144954732268902	0.16396277773531254	0.17628304684318205
accoltellare	0.1607394513747384	0.15872823656740903	0.3622906040118033	0.23382104075608173	0.08442066728996757
accomodare	0.20529238799431285	0.2055247187401768	0.1610377628062425	0.20318528655597998	0.22495984390328772
accompagnamento	0.2151246530183322	0.21586027918518227	0.11678857263840439	0.25341680807246325	0.19880968708561786
accompagnare	0.184054634349847	0.1932571029321147	0.20510605874632015	0.224180045108543	0.1934021588631752
accompagnatore	0.1701877143418748	0.16387455432566486	0.33216325825298343	0.2039743474143588	0.12980012566511823
accomunare	0.13112381610266058	0.1564366125875384	0.15270393315883618	0.40646781446504815	0.15326782368591663
acconsentire	0.21511968073535614	0.25269837938706435	0.13194961805343594	0.22751167189719962	0.17272064992694397
accontentare	0.16968639503316932	0.19932901662769395	0.18022743843453692	0.19580034646164107	0.2549568034429586
acconto	0.6666955887196074	0.12087114688507578	0.09744315903169089	0.06037708707064404	0.054613018292981874
accoppiamento	0.17029706112927695	0.16044889495317377	0.09855683962857371	0.20911003659352323	0.36158716769545224
accoppiare	0.1300293488467667	0.16640650709887417	0.03442090132988918	0.1821848140109068	0.4869584287135631
accoppiata	0.08078589952546898	0.19989061558884139	0.04569201082581361	0.2778298844260422	0.3958015896338338
accorato	0.26148999902983305	0.14292342460591131	0.09680873656723665	0.2959460832783009	0.20283175651871793
accorciare	0.12548719655710833	0.2103015670152714	0.08962319320524896	0.33408423763882267	0.24050380558354875
accordare	0.19744056031505658	0.28260249818580613	0.10176656367800752	0.2837947928412612	0.13439558497986856
accordo	0.2248137928664811	0.20703058129354185	0.12689732020527497	0.20447448408938068	0.23678382154532146
accorgere	0.20480584242878364	0.18206595061797248	0.23961378717857387	0.19462680749953754	0.1788876122751324
accorgersene	0.08728433063603647	0.31702168974296563	0.06658406657113644	0.3336473247168013	0.19546258833306013
accorgersi	0.1635253112819667	0.24440537528284698	0.22925574702537782	0.21319927023525526	0.14961429617455319
accorgimento	0.16949643465139544	0.2805682221003286	0.1402391385651349	0.234672417081632	0.17502378760150894
accorpamento	0.2703377463455194	0.17390583053664532	0.13558450603185712	0.16195793514170073	0.2582139819442774
accorpare	0.29957236767932227	0.22766111722750756	0.0773938640378138	0.12877358341794637	0.26659906763741004
accorrere	0.16620678506974437	0.1726576278268479	0.4534078812429561	0.08950472797743834	0.11822297788301322
accortezza	0.09579532335445512	0.2854753552701403	0.047334730405732696	0.3964572446989088	0.17493734627076313
accorto	0.18803954941475065	0.23222282208910416	0.1355055785881397	0.20999366908631423	0.23423838082169127
accostamento	0.2334280125838854	0.06679476212341241	0.10332325607651965	0.2917071267188281	0.30474684249735434
accostare	0.08951085197386552	0.24813094693177487	0.11321328997516404	0.35461384491587805	0.1945310662033175
account	0.17451095526049215	0.27352090732023654	0.15671649365056722	0.22023873208882735	0.1750129116798766
accreditare	0.18729132141555443	0.16912904869889633	0.2516043198058081	0.2083934083303855	0.1835819017493556
accreditato	0.14611483029281408	0.3917133118592385	0.25066445107204277	0.041482454645574804	0.17002495213032984
accrescere	0.17109414495477399	0.275661572586895	0.2007645410672961	0.17857958818363015	0.17390015320740465
accudire	0.15061155590141265	0.20789494760576008	0.22090608389029956	0.23794634734043585	0.1826410652620918
accumulare	0.1823248837285602	0.2540892879360517	0.12006558942856525	0.23108391925703228	0.21243631964979065
accumulo	0.11167966917921969	0.38221716961643637	0.10814620560890292	0.26784432383156603	0.1301126317638749
accuratamente	0.09289845930693821	0.06302467993934577	0.3019524075242005	0.22280735833934348	0.319317094890172
accurato	0.11268388175397097	0.24944316659943458	0.15704892901194709	0.2432676875113119	0.23755633512333535
accusa	0.30046408201092006	0.1937927335966716	0.19370784524829854	0.17156906413950263	0.1404662750046073
accusare	0.25795435606256184	0.19487159891518277	0.18217756285411468	0.19033275788375667	0.17466372428438395
accusatorio	0.43112446487289674	0.17153975300494942	0.08870682872854448	0.11532646874913377	0.1933024846444755
acea	0.37555764556461974	0.2803555237132838	0.06336291188209832	0.056076791614142564	0.22464712722585564
achille	0.11059552031714331	0.13431006215524063	0.08262714207938593	0.37836819379922104	0.29409908164900916
aci	0.14822532168623997	0.12263705257340331	0.12360521739931077	0.11060680675354399	0.49492560158750204
acido	0.25774404414425844	0.15848795978152122	0.19419526128011516	0.08110737898929204	0.30846535580481327
acqua	0.1261369436806888	0.23648061205318655	0.19274435006307955	0.22829802907270463	0.21634006513034054
acquatico	0.04962903554606948	0.04359054122665844	0.2941674682942927	0.14324625261388782	0.46936670231909156
acquazzone	0.07778037687423996	0.15398220996308118	0.31082720777488065	0.3112253568066054	0.1461848485811928
acque	0.19818612227526708	0.17280734347899834	0.263045969398551	0.07903778289671308	0.2869227819504705
acquedotto	0.1307452591845383	0.47711482199636746	0.12690493843360873	0.077430824410656	0.18780415597482947
acquirente	0.1846557468303795	0.20926268439817772	0.06535187529525775	0.32464249679983415	0.21608719667635096
acquisire	0.18133220327846797	0.23592627847210873	0.13952049898759478	0.22332720673707357	0.21989381252475504
acquisizione	0.13737245327104133	0.25001421926868095	0.16900225149440304	0.23644871156185504	0.20716236440401958
acquistare	0.17268264777079198	0.2450421659710817	0.11424549844197368	0.2782935194094213	0.18973616840673133
acquisto	0.227885204838428	0.22857064905462496	0.11592472830069682	0.2072701270187358	0.22034929078751453
acre	0.22155803276913097	0.09649836638375846	0.1147393221080852	0.3983957112230003	0.16880856751602508
acrobazia	0.09200441233924296	0.09729805128135599	0.4881735088309772	0.14495157589266738	0.17757245165575636
acronimo	0.15954965392757234	0.2298771059633954	0.06396616565126241	0.2792482525527486	0.26735882190502125
act	0.31557921147010964	0.22923708584077418	0.08801213326688236	0.17214466957793048	0.19502689984430335
action	0.2432036537728891	0.3053932001693042	0.07804494315415908	0.18034836556043246	0.1930098373432152
acuire	0.19971038150902662	0.24064014066535483	0.15791576325168621	0.2040451867842403	0.19768852778969204
acustico	0.06553515395748917	0.18120685019421875	0.32661252279258685	0.24269075237538779	0.1839547206803175
acuto	0.15620697777655862	0.2380116284147992	0.15224476834915077	0.24502999938100098	0.20850662607849052
ad	0.2320128278330605	0.21630129345480603	0.13345992908135848	0.2177998080136333	0.2004261416171417
adagiare	0.11775403484096914	0.1415018868795397	0.3058579100908253	0.29101876684908007	0.14386740133958573
adagio	0.2495694740246487	0.08843537928302675	0.07659364721634326	0.3332956433260772	0.25210585614990394
adam	0.13472698941316666	0.24416514404875936	0.12618812065849713	0.23740751426548765	0.2575122316140892
adams	0.26552252279386085	0.08823482672928794	0.379381945073659	0.17018470714951692	0.09667599825367537
adattabile	0.1604280981281776	0.3167724586016111	0.19019490962219063	0.14082240111819702	0.19178213252982376
adattamento	0.12191506734785505	0.17687182624375025	0.3995748199971796	0.10849924923752319	0.193139037173692
adattare	0.09923468057882553	0.2345499828504454	0.16328610469816737	0.2634861742663241	0.2394430576062376
adatto	0.10621711472058887	0.24649893948682786	0.1590016509355631	0.25491418076489153	0.23336811409212854
adda	0.07490040527439834	0.22369067820099386	0.19193542120769846	0.10855697522704254	0.4009165200898668
addebitare	0.4012496586750644	0.10170274523218996	0.05812477819234559	0.2451568554781053	0.19376596242229469
addebito	0.44221428732933366	0.3219701795661408	0.05074440376195999	0.05494492320836658	0.13012620613419873
addentrare	0.11398910551607633	0.18122742029604963	0.16565063596077073	0.24978633309663706	0.28934650513046634
addestramento	0.17624331386269407	0.14423373906415854	0.31313418419131467	0.21962315294551832	0.14676560993631438
addestrare	0.2178463654530975	0.34896072703562353	0.15348491232879508	0.10797568520432392	0.17173230997816008
addetto	0.18548016027355277	0.25101690099431084	0.15398381860965193	0.19713258851466273	0.21238653160782175
addietro	0.1908034711919346	0.1284478557217571	0.18517498757225762	0.24229736819540196	0.25327631731864875
addio	0.1432490549038528	0.1853463619710467	0.19362060856457614	0.26927674509755123	0.20850722946297312
addire	0.08062387395851038	0.2150068959634502	0.1647527406388164	0.30381852728582476	0.23579796215339824
addirittura	0.1703676876000351	0.2274989806010039	0.1639735430179277	0.23546791172383144	0.20269187705720187
additare	0.22296168123120133	0.26299929226066854	0.15998167131015864	0.1190676493109465	0.23498970588702495
addizionale	0.534949028042797	0.11712247986769721	0.13915319113007052	0.096737337932454	0.11203796302698125
addolcire	0.22422201627532715	0.08932832662764445	0.17463370925822905	0.11223331058531191	0.3995826372534874
addolorare	0.11808580803086254	0.15446516996323062	0.6036097107574032	0.0596466963055361	0.06419261494296771
addolorato	0.4660877635629385	0.10010100368440812	0.27413778485804496	0.07457587424044922	0.08509757365415915
addome	0.34888187740917836	0.1786232487116997	0.3532127623187524	0.05765560230169621	0.061626509258673405
addormentare	0.14834226780151236	0.22782690065673972	0.18651150840552225	0.22393383712801332	0.21338548600821247
addossare	0.16412715392670923	0.1674794268967709	0.29748687969358817	0.20620851486053846	0.16469802462239336
adeguamento	0.373679489800832	0.11019745677205557	0.14275889436779285	0.2055261187353805	0.16783804032393895
adeguare	0.25760345434721843	0.2170457340642724	0.13692148878771293	0.1520539853859	0.23637533741489625
adeguatamente	0.24051285557045657	0.21285167585319842	0.19396575595478427	0.1228856870693742	0.2297840255521865
adeguato	0.20362026669123018	0.29258782444306547	0.11832417548443341	0.178375273664009	0.2070924597172619
adempiere	0.37313707006752656	0.3246875866657127	0.07982262877258128	0.07352796073077338	0.14882475376340615
adempimento	0.37148342855094885	0.1998361462143391	0.09264015873242627	0.19581454483048438	0.14022572167180136
adepto	0.29506090368523585	0.21690435502275335	0.12302876924685885	0.29109404306055237	0.07391192898459956
aderente	0.19306911927687545	0.2179372038133506	0.08707904778327477	0.2852882218349636	0.21662640729153548
aderire	0.21385922766813012	0.23740004044767368	0.1524733919058321	0.16439977964647454	0.23186756033188946
adescare	0.3655898512964012	0.19925945257736585	0.16799577849138	0.16034599080279024	0.10680892683206282
adesione	0.23281088397650423	0.21561331999884417	0.07974688582131419	0.19476002620231692	0.2770688840010204
adesivo	0.07704757764180771	0.16653655391966155	0.07746074077348314	0.3961277671974534	0.2828273604675942
adesso	0.19678241900930352	0.17685157076320734	0.198873307383496	0.20409700709032916	0.22339569575366405
adiacente	0.17118798353413614	0.24133206904561708	0.3040134903171337	0.13424104832720318	0.14922540877590995
adibire	0.21080304776846978	0.20037849911245229	0.09137754911759208	0.08459200292482609	0.4128489010766597
adige	0.1479094596846999	0.08444980801886831	0.4033358158362129	0.15486821851749139	0.20943669794272757
administration	0.10260839967129164	0.2859962980026282	0.11838729827755207	0.30928424890780487	0.183723755140723
adnkronos	0.20311402595039044	0.16159951788957658	0.23039225606398886	0.1664309495804763	0.23846325051556772
adolescente	0.1691964874380545	0.21255401239124327	0.23045961661088832	0.201659545168273	0.1861303383915408
adolescenza	0.07587382390850235	0.07307341419466831	0.13656729679781085	0.3804995227305204	0.3339859423684982
adoperare	0.2997692122574503	0.2202324122101265	0.1523979137031964	0.12063187931232718	0.20696858251689967
adorare	0.14833768656889576	0.16669804288370269	0.24852711504500113	0.24036637465976587	0.19607078084263463
adottare	0.21244072036487702	0.2210596900083808	0.13629508174534982	0.1901086733080454	0.24009583457334685
adottivo	0.1872766161490402	0.1619670063994763	0.40406471996760596	0.09167974836100701	0.15501190912287058
adozione	0.27978574290239894	0.19122398218911713	0.15514771488652496	0.1269056810504617	0.2469368789714973
adrenalina	0.04613286265055338	0.3949488698181915	0.26892317662044735	0.17083638954836616	0.11915870136244161
adrian	0.196620401280195	0.2553541610114628	0.28244991790847696	0.14145767942823906	0.12411784037162628
adriana	0.14974374255595826	0.31994455136648503	0.2364056949356688	0.09895879784913239	0.19494721329275544
adriano	0.14143376461434448	0.18549484499147106	0.22878463270191243	0.2822035539096543	0.16208320378261776
adriatico	0.10093788274293759	0.2678508372243137	0.2491037794710337	0.22557023479337732	0.1565372657683378
adulterio	0.43924865767568483	0.1258017024751527	0.20398530378313307	0.08648686403729341	0.1444774720287361
adulto	0.17950567396569792	0.19104743404550137	0.20529728527467503	0.2012527563344172	0.22289685037970858
adusbef	0.5759264178501046	0.057678118944479655	0.13891727260627973	0.13284723382395794	0.09463095677517813
advanced	0.05498484630551437	0.13915855122815343	0.15414735913788213	0.31856795092482537	0.3331412924036247
advertising	0.13151949017870776	0.05947731635234951	0.5758142514127034	0.06817048414592031	0.16501845791031905
advisor	0.14503076436313964	0.32576399266718653	0.13761064474543871	0.1514785353375085	0.24011606288672666
advisory	0.06376803483552575	0.18264000461628793	0.28758548820064855	0.21278759805499214	0.2532188742925457
aereo	0.16373582450085675	0.30523938443037696	0.2522643026039787	0.14535353731598333	0.13340695114880424
aerodinamico	0.03728309027262678	0.10297328627016789	0.050064938568119756	0.3234378119435935	0.4862408729454922
aeromobile	0.06772145175315161	0.45363881944774803	0.04799781024137391	0.3833777067007132	0.04726421185701321
aeronautica	0.1370022381884212	0.23734828380634942	0.4393078646547087	0.08777283043824113	0.09856878291227945
aeronautico	0.10663723901454282	0.35135013766937107	0.19693999850274405	0.1880416161426212	0.1570310086707209
aeroporto	0.16911556807989586	0.3226722680528104	0.19568277704406403	0.1612001034991159	0.15132928332411388
aeroportuale	0.164344787404605	0.20832328968901515	0.30048472276002614	0.14352790537721974	0.18331929476913414
aerospaziale	0.1521705347530177	0.13943433239106667	0.06522101888389503	0.4216386418442906	0.22153547212773
afa	0.14628023765878434	0.2994557826244822	0.2129908896649765	0.24490017864431549	0.09637291140744154
affacciare	0.13359793407581416	0.1987968363003761	0.1657354300226009	0.27155442904872795	0.2303153705524809
affaire	0.24809517512663365	0.22347294749437083	0.1416037262047706	0.18756496461309527	0.19926318656112973
affamato	0.10104517785917183	0.21716195150698192	0.21096544173341963	0.2954535808081552	0.17537384809227147
affannare	0.12018139550624624	0.2926877285120124	0.18559459965103567	0.12380215578353283	0.27773412054717295
affanno	0.13521205627913027	0.2350229259873004	0.205376646400667	0.1367673081580247	0.2876210631748776
affare	0.2326039214709284	0.267789832981885	0.11897390874556758	0.19331589544184383	0.18731644135977532
affari	0.2368961504043833	0.23727641996193358	0.11204407831017568	0.2053232518743348	0.2084600994491726
affascinante	0.038864046882640585	0.21983457948434326	0.18375412897068966	0.26634827912113834	0.291198965541188
affascinare	0.10357341695504367	0.15811947439059065	0.18554148925229488	0.2832408831889095	0.2695247362131613
affatto	0.18829870655899666	0.23907804137811228	0.14915086717715867	0.2324685358124817	0.1910038490732506
affermare	0.2280261316662027	0.21995834961111316	0.15819203707910418	0.19259301930929967	0.20123046233428038
affermazione	0.24625761429202137	0.16903617370979557	0.13684640124163927	0.24537641284694153	0.20248339790960224
affermo	0.20622467004504036	0.21449912435173377	0.2012165063271745	0.15473734242401518	0.22332235685203622
afferrare	0.13802625850076047	0.14070467897007746	0.4070738915194259	0.18801668078735254	0.12617849022238348
affettivo	0.14045690958589838	0.06674972499555587	0.26089570786593763	0.19829494330697464	0.33360271424563354
affetto	0.1375002995883277	0.15816756500132384	0.31424701080044004	0.18123495991866687	0.20885016469124149
affettuoso	0.2114342010003572	0.1685967800373378	0.1904416373570766	0.2624605865717045	0.16706679503352387
affezionare	0.07943966274904594	0.13822436185516565	0.09562570724979165	0.5252433094416235	0.16146695870437333
affezionato	0.09791414495320576	0.12185843879656018	0.401730968681379	0.30172155676089085	0.07677489080796432
affiancare	0.1865623056510529	0.18321801865235923	0.18315054678154982	0.24037209662811593	0.20669703228692216
affidabile	0.14012779063722972	0.2481131417378778	0.12198018491725598	0.23725422026729392	0.2525246624403424
affidabilita	0.165973596358748	0.27306595414607004	0.11415218693747783	0.22024670717298914	0.22656155538471498
affidamento	0.29757931199593385	0.19178162324358736	0.11532190542380323	0.19048216339920565	0.20483499593746987
affidare	0.20048366119319064	0.22905468210593502	0.1841286366907787	0.20315530823659583	0.18317771177349987
affido	0.23463456420218654	0.1372027977835048	0.2837460212330405	0.06424857721094386	0.28016803957032427
affievolire	0.1701590784861334	0.11746065445716085	0.2588837444257263	0.15924772676811996	0.29424879586285946
affilare	0.0645243069280124	0.2501396919187055	0.07005634534370025	0.5260238845089713	0.08925577130061053
affiliare	0.15089017123753448	0.2456482665480214	0.0985826275746947	0.314317891107813	0.1905610435319364
affinare	0.11765365814082547	0.09056312829777384	0.2460587209381837	0.26634677832003634	0.2793777143031807
affinche	0.2922234019110473	0.21218467610496408	0.12024013672393685	0.18045901688413438	0.19489276837591737
affine	0.2080650042720201	0.14376009514323285	0.24446353300251347	0.14795033234222346	0.25576103524001015
affinita	0.12153835164984472	0.16477498024630585	0.16536636587776413	0.32124964243548104	0.22707065979060415
affiorare	0.1290459540030686	0.14482391826649604	0.2593257771601135	0.3040762417477298	0.16272810882259198
affittare	0.25857385954716755	0.2158282131692645	0.13981716816832393	0.22450202503846797	0.16127873407677615
affitto	0.2115309569959272	0.19716553121741043	0.10993155077050919	0.26918819741962374	0.21218376359652932
affliggere	0.13993289015844104	0.18505278489655277	0.12351649906687842	0.2762393755670835	0.2752584503110442
affluenza	0.13290800434128572	0.18659577726083543	0.10681933500752727	0.18885070761501416	0.38482617577533734
afflusso	0.26661241356871396	0.22036451783550456	0.12031397188496067	0.2474156151578375	0.1452934815529833
affollare	0.21344711727423554	0.20993064602739242	0.22452715380235727	0.11530993646287112	0.23678514643314355
affollato	0.17957405835959225	0.2159486591365492	0.1301981092371538	0.2763536265260516	0.1979255467406531
affondare	0.1515013279172319	0.1845277521241901	0.29428090685142194	0.14186919486496588	0.22782081824219025
affondo	0.24631749309988546	0.20866645144217438	0.06854777424258525	0.27264480409466174	0.20382347712069315
affossare	0.2697740750615032	0.2966455024298353	0.11836969308547965	0.12534744913664278	0.18986328028653915
affrancare	0.38893784829749806	0.15868170728067207	0.24721077965558824	0.1259743134411446	0.07919535132509709
affranto	0.16047058700266842	0.18398761441968536	0.2398439973351892	0.2535601149176104	0.16213768632484665
affresco	0.07686449996655793	0.13852479465393105	0.10302158853001274	0.4283778436151262	0.25321127323437215
affrettare	0.23925152323729174	0.19544142315437205	0.15556013707781213	0.24178543162692248	0.16796148490360158
affrontare	0.20414394711603914	0.23102577356929999	0.14829441134353755	0.20819179362121382	0.20834407434990948
affrontera	0.08833039296332067	0.20696185230805123	0.0604866024270829	0.3632428013273583	0.28097835097418705
affronto	0.11384794054469241	0.12842425638058932	0.29101619246444127	0.16708500099137966	0.2996266096188973
afghanistan	0.1745154209639323	0.21468204354643594	0.32220019608778405	0.11771458957012185	0.17088774983172578
afghano	0.21829093551084033	0.13745168523434897	0.3584624218574103	0.15296468975553734	0.13283026764186315
afp	0.3410871376165759	0.09587880610877754	0.2986573313324601	0.11396532153861937	0.1504114034035671
africa	0.17912977006738706	0.26475697026683903	0.14834040217666158	0.21802198246185509	0.18975087502725715
africano	0.17930545158300307	0.23159174723712125	0.1752500686977618	0.18840208271730613	0.22545064976480778
afroamericano	0.21965231206786695	0.10431880154111746	0.3198222332522026	0.10214896352293275	0.25405768961588027
after	0.09794242776192952	0.15118994194079818	0.12293737792417038	0.3815168602604632	0.2464133921126388
agcom	0.34817692331316874	0.16808903910448056	0.12461314377510971	0.15464699058589923	0.20447390322134174
age	0.09444142927893906	0.13134565983732813	0.10760055288121759	0.3343918468932473	0.33222051110926787
agency	0.17307805996157527	0.30690287342059575	0.20701890864798056	0.1598070882495209	0.15319306972032742
agenda	0.27342247326494845	0.20243148961754862	0.14094991475871158	0.17531258980168762	0.20788353255710365
agente	0.2177016525120274	0.20066022212681978	0.2632733611443787	0.17661033475424	0.1417544294625342
agenzia	0.20763048354213776	0.2522988540348163	0.17899026060687684	0.18362434614097456	0.1774560556751945
agevolare	0.23101484067151182	0.22833248108691495	0.12117275701332604	0.20862976906401237	0.21085015216423486
agevolazione	0.31334088605155075	0.18952899129217468	0.12040418327857441	0.19302685917356133	0.18369908020413894
agevole	0.153180082547315	0.38421385937726726	0.21109065173795516	0.07163393653559466	0.179881469801868
agevolmente	0.0823409945742758	0.1766919657890376	0.08294368753438093	0.28216428107195524	0.37585907103035054
agganciare	0.20872463449821302	0.11797153689669568	0.17874272594850799	0.2420445724688492	0.2525165301877341
aggancio	0.17908966821385844	0.25395688133349104	0.22229967542228304	0.06746158304393962	0.27719219198642786
aggettivo	0.10067070441551274	0.21228084885846657	0.04843171956123652	0.316997148061683	0.3216195791031011
agghiacciante	0.3489785704059458	0.11444537186333545	0.2977005096133337	0.118388938527759	0.12048660958962608
aggiornamento	0.1544354764513022	0.295314870321822	0.1750480014340031	0.21630684280164342	0.1588948089912293
aggiornare	0.18587773638267724	0.22011339538485164	0.17364923040103108	0.17102946049168857	0.24933017733975155
aggiornato	0.3030683394551853	0.18958512212288411	0.19105491986769016	0.11522080067584892	0.20107081787839146
aggirare	0.22969290560756797	0.18082539066607584	0.20198978302995396	0.2115076370731616	0.17598428362324064
