	INDIGNATO	PREOCCUPATO	TRISTE	DIVERTITO	SODDISFATTO
00	0.08387942226338993	0.15851802006920845	0.2756815485353358	0.25841034023485016	0.22351066889721571
007	0.24486261954612878	0.19107697484115305	0.13371393115861552	0.3331936075523983	0.09715286690170445
008	0.40340972793609087	0.09048365361389273	0.0954600652428632	0.22872845898230648	0.18191809422484673
01	0.26443863798504735	0.23979823729743108	0.1769179622307366	0.15785297144629223	0.16099219104049262
010	0.2278402432397882	0.12006754826100327	0.1571354429537936	0.1414770542465603	0.35347971129885464
015	0.14285788293943982	0.4025869871713865	0.019111413104671442	0.17901209409901397	0.2564316226854882
02	0.23426205205972989	0.2575888318746024	0.15894274803141475	0.19047712453571342	0.15872924349853965
025	0.44223106587427	0.17707581756833352	0.1105945845632344	0.08611794194006694	0.18398059005409514
03	0.30475029478052407	0.20939841397987358	0.14874185853286637	0.16358981295590933	0.1735196197508267
033	0.651817101800703	0.11866564580742307	0.12110908811890368	0.03169661877771445	0.0767115454952559
04	0.24788794291387312	0.2384776910402542	0.22730482859620912	0.15476027881950535	0.13156925863015823
05	0.2979866974110732	0.24785742869698252	0.13019588879711133	0.15389098920010896	0.17006899589472382
06	0.1748599161365139	0.2420977360580211	0.2693631845515066	0.1790902581550751	0.1345889050988833
07	0.24209702997516958	0.26128499095730895	0.10782982754001304	0.20766060201532052	0.181127549512188
075	0.33973492723012993	0.13029752640096517	0.05569243622979875	0.09542295066096573	0.37885215947814044
08	0.31748938688127315	0.1886222237050965	0.15206722097619643	0.197330416070969	0.14449075236646486
09	0.2892024038925105	0.19655142075024182	0.1100044833459329	0.2691362620123118	0.13510542999900285
10	0.21297253042076736	0.19697258853449198	0.17525697966253836	0.20748033017156023	0.20731757121064204
100	0.2331052893044714	0.21702532348941725	0.1694458137940328	0.16160509913120677	0.2188184742808718
1000	0.27678170504886945	0.1835099676435279	0.16350732226983256	0.17653233767441215	0.19966866736335806
10000	0.2742903257922142	0.16563331273661788	0.20131978452363894	0.22016703579244404	0.13858954115508484
100000	0.24141157386378306	0.1736102982325926	0.2024384660897515	0.18721474146813072	0.19532492034574214
100mila	0.18245626627693043	0.25384867181698473	0.2697748809101065	0.14411393962083294	0.14980624137514545
101	0.26458427384773053	0.2380403585027802	0.08809328263966515	0.2184496587147831	0.190832426295041
1015	0.20704835227931417	0.38949226508022894	0.0930285277239133	0.14843942584758826	0.16199142906895536
102	0.2905752603949406	0.1749352104291362	0.09339237404341673	0.21001457037349308	0.23108258475901347
103	0.2233375965962895	0.23410479797679243	0.15920118097164243	0.1528518596628582	0.23050456479241746
1030	0.14169383802604915	0.4811677818996973	0.19623316636767407	0.06833340763612497	0.11257180607045457
104	0.3717215709712688	0.12999295593836924	0.15021057920823647	0.1267145376358165	0.22136035624630895
105	0.25356978153432624	0.2432174551955146	0.20186474910622623	0.16084143406748988	0.140506580096443
106	0.3251404520058307	0.193304115090617	0.18242292142731262	0.10625046038293963	0.19288205109330003
107	0.22738661589712994	0.3496414996356857	0.1656805441718536	0.10247780579176331	0.15481353450356744
108	0.19953586501841278	0.18009263506324197	0.14890928608254303	0.2720927501643389	0.19936946367146327
109	0.25968968836545836	0.14899108894858018	0.1326185061260332	0.2205384769124833	0.23816223964744496
10mila	0.3416424076432399	0.1310827207027548	0.13761376593637262	0.163998045297471	0.22566306042016165
11	0.19878520712724335	0.17798287026608697	0.2412107914489456	0.18505959235730624	0.19696153880041786
110	0.2204920647488782	0.2359179617159044	0.16998554834267457	0.1688739680327559	0.2047304571597869
1100	0.2542253447944174	0.168964938460651	0.16167100754600353	0.3004597870416513	0.11467892215727682
111	0.27039456620675206	0.22866251659975143	0.1545315362371487	0.1115224996632721	0.2348888812930759
112	0.16732440197304577	0.18404804021030013	0.3566183571847639	0.15318447266350463	0.13882472796838552
113	0.18939556440174954	0.25345102599413255	0.16293065201151916	0.22020371919489334	0.1740190383977055
1130	0.18021546190139567	0.4116181410396902	0.11944104581061576	0.1304799208424856	0.15824543040581282
114	0.28585413205805615	0.11266355836366324	0.09609960506757251	0.3861479686269076	0.11923473588380033
115	0.30495524039054767	0.2735183965148439	0.16869351155291654	0.131519124557382	0.12131372698430995
116	0.17232058048712715	0.14726290580373255	0.24609974784926775	0.2430706764958312	0.19124608936404136
117	0.3394947269296778	0.16486041093409984	0.2155180617929998	0.1445305003707443	0.13559629997247824
118	0.13270468943685987	0.15128830994019973	0.5864694182560495	0.07410101591361608	0.05543656645327485
119	0.11513919241947347	0.3997306321204492	0.18927091167213453	0.18485533493180178	0.11100392885614112
12	0.20638791391522873	0.18826213967835018	0.21570690265908588	0.19477837134469655	0.1948646724026386
120	0.25107107655421407	0.16617619340232528	0.22909708528241582	0.16325588210839095	0.19039976265265374
1200	0.2495499689249776	0.2664237394874688	0.17283386553165483	0.14798088331963405	0.1632115427362648
121	0.20217304820659518	0.2574605335093925	0.2154499062134759	0.18977028007871896	0.1351462319918175
1213	0.3508396210876807	0.12853256326013676	0.18310058403232973	0.0817068563870704	0.2558203752327824
122	0.22589503869751848	0.15286738249108	0.19591950868316513	0.21253061412693686	0.2127874560012995
123	0.235767337674046	0.11386099082640529	0.32869989901101737	0.15082016810091228	0.17085160438761904
1230	0.2342947114449943	0.18571200529766724	0.35354466907555204	0.11638282156063583	0.1100657926211507
124	0.2557082559076349	0.2365650505086488	0.1130790081594224	0.16389876820456903	0.23074891721972482
125	0.287480791633628	0.17897508920202643	0.27636971234229324	0.10596684568665236	0.15120756113540007
1250	0.47069608731074586	0.1869830815980515	0.08617288793324432	0.07837878557339888	0.17776915758455955
126	0.3281816007990938	0.1508012481763306	0.16185972027419135	0.20527610920060368	0.1538813215497806
127	0.26824194890566816	0.29171071217621336	0.14111030884912584	0.09059484859656301	0.20834218147242967
128	0.13720314157987554	0.35241429106432964	0.17239701784760916	0.17750357753187748	0.16048197197630823
129	0.2479041179801401	0.31605095783751785	0.12534115822002714	0.19147995827007422	0.11922380769224068
12mila	0.4527499063752617	0.10308421103918312	0.0981100083963397	0.09498444094176668	0.2510714332474489
13	0.23212341324254795	0.17338288000527433	0.2210426416623775	0.17140969676937662	0.20204136832042363
130	0.2040336963372957	0.21719982878714528	0.19396811456460308	0.1939728177834978	0.19082554252745812
1300	0.35399291631303187	0.12498585424572482	0.23669149401003195	0.17191852205340477	0.1124112133778067
131	0.15735617685703845	0.13448207559134484	0.23089517659080838	0.32321312603341396	0.1540534449273944
132	0.2597943783308075	0.10232079730187309	0.17182756166215835	0.30733195793482526	0.15872530477033586
133	0.18598443009305202	0.14303997874462743	0.21768438003879262	0.21101294858912273	0.2422782625344052
1330	0.1724769035171385	0.2158596147209178	0.4266001237245908	0.057904637276706215	0.12715872076064672
134	0.26185598662456167	0.1712709338764452	0.1905168081988474	0.18511888495573173	0.19123738634441415
135	0.21004982101990113	0.301830163741363	0.15637161595850987	0.09605942837211097	0.23568897090811508
136	0.28376241423663506	0.20244333527662692	0.24010726474770372	0.13009380949161015	0.1435931762474243
137	0.19269221970779804	0.2861288367786843	0.15115390513529167	0.19166346756197436	0.17836157081625167
138	0.19621436479852689	0.37735089258527466	0.06033769657903565	0.09836815990596587	0.26772888613119694
139	0.14587727607127143	0.3991725337912658	0.20460352961564365	0.07803318365953964	0.17231347686227955
14	0.22287073425465706	0.18910601247437356	0.2106618979624246	0.17678970739122807	0.20057164791731677
140	0.24583760000385235	0.21049964143311406	0.12738763217900217	0.20928067954092947	0.20699444684310184
1400	0.21585641625580484	0.12125659788723431	0.2333298658623766	0.24690758245694114	0.18264953753764304
141	0.0905205720720371	0.15295811929939104	0.23725588338482234	0.23730819237484363	0.2819572328689058
142	0.19397953786227926	0.24869819651094902	0.17876598743845773	0.1727244345591827	0.2058318436291312
143	0.33529356710655434	0.24700506611991535	0.17613352311706423	0.09796342912539158	0.14360441453107448
144	0.1963830928107412	0.16667390612733876	0.18375348106808914	0.29484723678256186	0.1583422832112691
145	0.2327636979965137	0.11239014341812475	0.17799889645552058	0.20185755634850355	0.27498970578133736
146	0.28328775268611495	0.29266038960704815	0.12341297562368271	0.0861206831208779	0.2145181989622763
147	0.19356115684993108	0.2332043819588589	0.2596680819892145	0.16959050131883632	0.1439758778831592
148	0.18651636879605782	0.21144458330466434	0.2966504287781818	0.1771286243433487	0.12825999477774744
149	0.21089482944216092	0.21931595120013442	0.10454714890653972	0.2960083210411434	0.1692337494100215
15	0.22595233290293276	0.18072173922502693	0.23524121974698708	0.17554601330681097	0.1825386948182423
150	0.23753487791566286	0.17632536003894458	0.21415802216749122	0.1567577927995458	0.21522394707835546
1500	0.25452919551825187	0.1763536559730241	0.15590815735851826	0.19329192572391732	0.21991706542628844
15000	0.4520040351892565	0.1572811104099205	0.08987184614154009	0.14976135138777819	0.15108165687150465
150mila	0.3894783252101056	0.1610295456037634	0.09474339506539056	0.11865262853951099	0.2360961055812294
151	0.19680723516914647	0.22074388729144978	0.12043705179480027	0.1878750787624044	0.2741367469821991
152	0.21405915536066314	0.21823863046581618	0.10679171418596407	0.1958576236627624	0.2650528763247941
1520	0.16196309456925467	0.26121772875030763	0.34482318952582547	0.14782237217976876	0.08417361497484334
153	0.16628768404081182	0.1839092563720267	0.23830441930372187	0.1512750625770902	0.26022357770634946
1530	0.1976442839000028	0.10489656525867837	0.408054234198777	0.15317396326209567	0.1362309533804462
154	0.14784557488281844	0.2729144499112752	0.2514970089855557	0.15291789452129817	0.17482507169905254
155	0.28140635544059955	0.20791962972877284	0.23198883753723867	0.13941429162818322	0.1392708856652057
156	0.3028537450561769	0.10984075830730655	0.32855263825041464	0.09799229846233434	0.16076055992376767
157	0.21261287025273873	0.2767756139525438	0.1739519297949259	0.21103149343576286	0.1256280925640288
158	0.2696426958101555	0.05649742917837262	0.17877158533152637	0.10156708202122447	0.39352120765872095
159	0.2858001915468188	0.22010712419538528	0.09759210533278721	0.16060617609075134	0.23589440283425722
15mila	0.28936730616765505	0.23452572985649453	0.1570641372149943	0.13671039590738557	0.18233243085347048
16	0.25760126683591716	0.16690694622782332	0.23142737172399075	0.1668370802212546	0.1772273349910142
160	0.24285445302074352	0.21889208463399787	0.16602122854513646	0.17118833330443184	0.2010439004956904
1600	0.13613263302494596	0.39292891843368605	0.18113317491728184	0.1436425715573306	0.14616270206675563
161	0.17335647850593075	0.17587674792697205	0.0781505151453693	0.18389322708384484	0.388723031337883
162	0.2992864093047704	0.21301044922461548	0.16674007553156353	0.08487901299408876	0.23608405294496176
163	0.2184597287738427	0.14140115107468157	0.17796210961957704	0.17015333439537536	0.2920236761365233
1630	0.17804844309239332	0.32386827544970026	0.27049780370721055	0.10035483518118761	0.12723064256950817
164	0.10630210913976088	0.11912429211542461	0.13946783928940387	0.1786554343966478	0.4564503250587629
165	0.2070470341550474	0.26180632132997506	0.09209366496424765	0.14686214424853583	0.2921908353021941
166	0.2773119893145118	0.33461809884445576	0.1361057971650428	0.07456101432278034	0.17740310035320933
167	0.22936313445747508	0.1593760096608652	0.13296172680373236	0.36501135417689246	0.11328777490103482
168	0.2790758549448765	0.1529037539422752	0.29584248034490945	0.1290466184519322	0.14313129231600671
169	0.32276297232454715	0.15145935787083703	0.08555762843333871	0.2115802566782401	0.22863978469303706
17	0.21708922932980737	0.1931089662351156	0.21691329815006233	0.18037914896876167	0.19250935731625302
170	0.3076760384087796	0.15978150969896193	0.13205456078477057	0.222419715605717	0.17806817550177095
1700	0.19580134725381007	0.20708072869816754	0.25683999020793297	0.19811620222737594	0.1421617316127135
171	0.2347241771156124	0.24057187148488574	0.12011025829733706	0.2009526807014416	0.20364101240072324
172	0.2864207373066157	0.2718815779598682	0.12945059019480096	0.13874249018694373	0.17350460435177137
173	0.1157748476822155	0.17518303892322504	0.23794266727317218	0.19136903290690777	0.27973041321447945
1730	0.24110362493731496	0.18969035609475277	0.17105902713353188	0.1519283016042204	0.24621869023018
174	0.1481141064984582	0.3097607189321008	0.1517504681460164	0.1391425328357185	0.25123217358770605
175	0.2632178881293013	0.22759710454809637	0.1674579177873122	0.18797532809826054	0.15375176143702962
1750	0.17062307183280825	0.177618821794871	0.2172949440578678	0.2271421778255768	0.207320984488876
176	0.12810165877080887	0.10049953982384968	0.14884328690636245	0.47702551957276873	0.14552999492621033
177	0.18676827363626022	0.15560456067474082	0.12756423909766587	0.24936746118548206	0.28069546540585105
178	0.0969942295083005	0.5126424887799065	0.07011022393302185	0.16851153553501338	0.15174152224375784
179	0.06011996302659761	0.5942925963134987	0.12742823845039722	0.07532780641986454	0.142831395789642
17enne	0.15625056224498846	0.12295283346273712	0.38644483613990743	0.188482002171819	0.14586976598054793
18	0.25037925973962616	0.17958699227247404	0.19474524332129653	0.17693219533200316	0.19835630933459997
180	0.2125038516173596	0.17186633192593523	0.21286196052591402	0.21031298128714457	0.19245487464364655
1800	0.08999540541408181	0.3966455212535118	0.25030358207449477	0.11606975383985724	0.14698573741805435
182	0.13609416929587875	0.3354358146988047	0.11457413935539155	0.13306210692913	0.28083376972079493
183	0.33534582408983854	0.12933288482955646	0.23665135479773391	0.11500041318527954	0.18366952309759144
1830	0.17754597005990272	0.09047649591715781	0.25321686059479404	0.31505996419926546	0.16370070922888014
184	0.40879472447242104	0.13143745254037473	0.131473842908636	0.14002419132578933	0.18826978875277886
1845	0.1448149340428772	0.2539110505249373	0.05064729669896763	0.4263440686890807	0.12428265004413731
185	0.29137395837159275	0.08158220018380155	0.19441702881439402	0.3049535373206537	0.1276732753095579
1850	0.10566652029411462	0.3697970306362325	0.18259322142856588	0.21746663846657294	0.1244765891745141
186	0.21917642300193635	0.44548833473709903	0.10967404290382539	0.08537214130153518	0.14028905805560407
187	0.1185363710937985	0.07759038623705466	0.23510560532464303	0.4381413991041374	0.13062623824036637
188	0.24654941237805728	0.13731769515247033	0.21492572110173638	0.14178492933208214	0.25942224203565384
189	0.2970221990478251	0.1729121440026745	0.13112577567251973	0.21144315544895184	0.18749672582802882
18enne	0.19703911176773134	0.1398392943853556	0.40230685214182493	0.12729901537416236	0.13351572633092587
19	0.19714159599190825	0.20873350105832714	0.215479078630728	0.19072979153076805	0.18791603278826857
190	0.2954239862440435	0.24540365279727314	0.08758704524688649	0.15061545330436443	0.22096986240743244
1900	0.1406923061351259	0.16490459742852684	0.07545057574385593	0.42479091013031284	0.19416161056217857
1906	0.11778820955367687	0.1916711771601482	0.1657651053628455	0.3758418300577899	0.14893367786553952
191	0.32022333447498263	0.21671349500067388	0.17347596629894815	0.164995208995708	0.12459199522968738
1911	0.1667570474235524	0.2923626666274017	0.1797090431050818	0.2215193888373726	0.13965185400659164
1912	0.02549304655934176	0.22794739481377474	0.14565577797041443	0.303539072233514	0.29736470842295504
1913	0.05971999607105099	0.18978871126191557	0.14286420327855595	0.24233384743201195	0.36529324195646556
1914	0.09986120723365784	0.2986013402873574	0.18157774200722035	0.1744102957628097	0.2455494147089548
1915	0.11950311685066481	0.1373245898367306	0.07345300669901912	0.2564134992037455	0.41330578740984003
1918	0.05464822189239429	0.22933799356638376	0.13730051378515631	0.3915423672095103	0.18717090354655536
1919	0.1227394140229245	0.15092466147456235	0.34827685570831285	0.31096911390794363	0.06708995488625664
192	0.1764507677119413	0.3616466832731981	0.16604048006097286	0.0819118518798024	0.2139502170740852
1920	0.13929444584610148	0.22415030030703498	0.23547530564474606	0.1305417988156646	0.270538149386453
1922	0.05654424678097984	0.22512312022407918	0.3512705219191251	0.1463059823205286	0.22075612875528738
1924	0.11894174983650464	0.03411935064029586	0.4826705993541661	0.19665583055696828	0.167612469612065
1925	0.2568695303149803	0.1559086992674936	0.1880605387597374	0.12448244071713879	0.2746787909406499
1928	0.04472933365416804	0.08494491147393377	0.4108822382255825	0.24607877123464608	0.21336474541166958
1929	0.11753590531465641	0.05725034569804302	0.6393615038749279	0.04114611242580302	0.14470613268656965
193	0.2282703578635498	0.3481813134612513	0.2584542165796519	0.06342410106663249	0.10167001102891449
1930	0.26855024081114165	0.10539227806952133	0.20285181197507035	0.18288265377437266	0.24032301536989417
1931	0.07418712101564039	0.18868974690428378	0.3385579787057034	0.20615391047484538	0.19241124289952705
1932	0.047805284189721	0.21101030411666194	0.4502887740765574	0.12660505343092085	0.16429058418613868
1934	0.08344413491759216	0.17348883840919205	0.40202960540512594	0.18130820099412726	0.15972922027396264
1935	0.13387306892270404	0.11043682602115568	0.3922142967996049	0.16827335266838692	0.1952024555881485
1936	0.12346170969112649	0.16508853889580272	0.26809588732337136	0.13639471728469463	0.3069591468050049
1937	0.03449301161197711	0.040613993088786035	0.5646337162556843	0.17304580859937638	0.1872134704441763
1938	0.02171681183194121	0.2455714049736471	0.17697596276893363	0.22091883210311414	0.3348169883223639
1939	0.1302786794295505	0.14225926570046288	0.22705349185484616	0.24290603564848123	0.25750252736665924
194	0.24816145889830624	0.22085353572799768	0.2996984994188204	0.058615247155058996	0.17267125879981682
1940	0.08980600139486927	0.10596613037567064	0.4958413819221187	0.19749259858895607	0.11089388771838538
1941	0.2121056486112969	0.08526285309644491	0.5245228598211551	0.08112376178243681	0.09698487668866641
1942	0.15540151186317386	0.18075334213421868	0.23787228078506012	0.32426223902870027	0.10171062618884709
1943	0.18299435313960263	0.1132277924871302	0.2983907606706093	0.19832685692376248	0.20706023677889535
1944	0.1701445456055969	0.10278528177681721	0.3157191072070993	0.07514362724726334	0.33620743816322324
1945	0.13276358918247003	0.1947095122062695	0.41670734669958126	0.12884206820349745	0.12697748370818165
1946	0.14345412998135498	0.05451343858765862	0.3681801721792893	0.1927076452424919	0.2411446140092053
1947	0.08425622090260429	0.04866362128042231	0.5008507870345366	0.2604059409851191	0.10582342979731785
1948	0.21766153044793837	0.16752721266386278	0.20349370354161875	0.18726571814813045	0.22405183519844968
1949	0.06843492740963945	0.15471946358708316	0.4564783616131413	0.15464605192437744	0.16572119546575864
195	0.1395348129656432	0.391828631983998	0.2532124030188589	0.06674871296946043	0.14867543906203945
1950	0.07148487609574088	0.2691357797496213	0.35889375544027324	0.1696448553538765	0.13084073336048815
1951	0.08727592986955789	0.2186151035334391	0.20082132005845602	0.4128586564537248	0.08042899008482217
1952	0.0891200855235765	0.1685866532165502	0.13445472034536968	0.40007017847072646	0.2077683624437772
1953	0.07271124656592189	0.1584290106560744	0.4200008626722741	0.19631310133728944	0.1525457787684403
1954	0.12637500232895535	0.10705066782351032	0.3597676225974299	0.18732474959185327	0.21948195765825124
1955	0.04845020322075446	0.1454321800406832	0.28643990830842536	0.23334948709596795	0.2863282213341691
1956	0.1306077262841416	0.06447704679735741	0.3028093791450174	0.31687161480783743	0.18523423296564626
1957	0.05224488425854201	0.11701267591094422	0.5818292403411022	0.09554577225625191	0.15336742723315963
1958	0.12042298881541566	0.2513213651944451	0.2515668656858094	0.18489990077434215	0.19178887952998772
1959	0.07931735761315872	0.15213555067874018	0.41131590668029755	0.21630799622391614	0.1409231888038876
196	0.2997933026465734	0.09930248593857029	0.25714804609029973	0.24955991290165952	0.09419625242289709
1960	0.08106956515308232	0.19001137682626398	0.28330873617348706	0.2331141954402249	0.21249612640694182
1961	0.08368874201141105	0.16491444796092183	0.4466013582023436	0.15533896541983694	0.14945648640548653
1962	0.08015567662353627	0.16414620035065233	0.3005846669250637	0.24839594259016826	0.2067175135105794
1963	0.13609397513865668	0.17479134426031684	0.3064850481682577	0.20067477140758408	0.1819548610251847
1964	0.1020883653643009	0.09871208411204294	0.22948388345779847	0.3080331828839215	0.2616824841819361
1965	0.07223793017333194	0.060964601373034194	0.5222378152005379	0.15753529679483813	0.18702435645825782
1966	0.10168250899855626	0.1385967514099194	0.4296866051280639	0.19694544914709816	0.1330886853163622
1967	0.07385490370814451	0.16423509350810092	0.4026008587137708	0.21840681607582782	0.1409023279941558
1968	0.11239389628156285	0.17058690601193588	0.46501116091801403	0.08764755508134837	0.16436048170713888
1969	0.1402492424086777	0.18606176871226765	0.3558124118161973	0.139055798627508	0.17882077843534933
197	0.20224892108673603	0.1941084826398471	0.22398742594178608	0.17349290451065713	0.20616226582097374
1970	0.22702277655282949	0.13046043176721847	0.3361588973773835	0.14882631957580483	0.15753157472676374
1971	0.1514807255020413	0.19143949408098082	0.2948959992185013	0.17052924647151632	0.19165453472696012
1972	0.2183404617604631	0.12796360552005473	0.23455291193065814	0.17050544723712965	0.24863757355169433
1973	0.09821341925879767	0.08050332506595217	0.3850637749162811	0.1884536006884835	0.24776588007048544
1974	0.1222232645216373	0.09058017597964103	0.34792404000851745	0.23529135917263339	0.20398116031757094
1975	0.09256302099861068	0.12087303709170363	0.41133997056222044	0.13495479660479606	0.2402691747426692
1976	0.1237906077771668	0.12152198354525383	0.41371746666515496	0.16656586445712218	0.17440407755530224
1977	0.1101706487395618	0.15103407291736373	0.47901670686572556	0.09730637158322422	0.16247219989412473
1978	0.0811045880328052	0.1811445991885298	0.31735621237578665	0.16057597243951596	0.25981862796336236
1979	0.13476483075995582	0.13100816724243777	0.3694467207766659	0.14369542905272797	0.22108485216821255
198	0.3066329977614748	0.22689658617831052	0.179333543505509	0.06471087395858592	0.22242599859611967
1980	0.20504477869412194	0.13979219305246007	0.31509961007054976	0.1529464125849842	0.1871170055978841
1981	0.15760979614570755	0.15745165173198036	0.3897843620405671	0.1466608451647357	0.14849334491700936
1982	0.12839815736975096	0.07411193016822551	0.3729911394499454	0.2317375918754329	0.19276118113664523
1983	0.20640324276140054	0.13290696444225195	0.20861106615732042	0.21115187516276618	0.2409268514762609
1984	0.1045185660552044	0.12788334613060406	0.36598273173512247	0.17906624633505722	0.22254910974401182
1985	0.12143833416663062	0.2116260034542739	0.43626343248852834	0.10151064336886498	0.12916158652170212
1986	0.10112320241865129	0.11729873454660907	0.46827902757096507	0.09833084408831456	0.21496819137546014
1987	0.18598428451843108	0.17036591210583793	0.2612669232284105	0.17852785198142118	0.2038550281658994
1988	0.17942779433286027	0.12623231724389117	0.3230751060973201	0.14155842679221398	0.2297063555337144
1989	0.13642814294498892	0.15989139710197614	0.297774415302955	0.17806102574592728	0.22784501890415262
199	0.1614332819267515	0.31651667492606445	0.08875571412260722	0.2731999954496184	0.1600943335749585
1990	0.1310800222753082	0.2181689680560073	0.2343280441217325	0.23112580992027312	0.1852971556266788
1991	0.14231619963187767	0.08414197045649029	0.39840533876490014	0.21668777356892385	0.15844871757780807
1992	0.12881630615971526	0.2000334688232841	0.3043971571365826	0.16370575091026593	0.20304731697015205
1993	0.2130058302893893	0.1711424525855752	0.23821946999506088	0.15554122179744015	0.22209102533253433
1994	0.14564125526997243	0.1818460545591172	0.3337927386332212	0.17290934136560648	0.16581061017208276
1995	0.1925844362347433	0.11128681161719609	0.2945321872712914	0.1656739231619459	0.23592264171482338
1996	0.15573450184940013	0.1983908992968475	0.24527428471783003	0.20659007059072912	0.1940102435451933
1997	0.14338896898666	0.25578544421762894	0.22409650358302224	0.19727731126568404	0.17945177194700482
1998	0.18356372942605917	0.15188233887473757	0.302415849881749	0.17303014897738206	0.18910793284007205
1999	0.1561399397073045	0.16076730619406862	0.29977344851854215	0.1948122665163006	0.1885070390637842
19enne	0.0929809717849256	0.27479189849196317	0.3529152921425444	0.10076194843702048	0.17854988914354625
20	0.23008877110228065	0.19228235775060018	0.1982736787312219	0.1820229754354652	0.19733221698043205
200	0.22459706660465245	0.19770163298503443	0.17806734856380585	0.20599116985461435	0.1936427819918929
2000	0.21534099007419807	0.18659247434548168	0.2473837460435728	0.17173994674288245	0.17894284279386502
20000	0.30587822001421355	0.1714066525828709	0.23230417039700352	0.16401353292889304	0.12639742407701904
200000	0.1828586448034785	0.14600746012300958	0.21888657711515883	0.26811640154221705	0.18413091641613613
2001	0.20679376876992328	0.17550798645467344	0.27523863270919385	0.18841962570458548	0.15403998636162414
2002	0.20302321806231338	0.23468526684895824	0.30592022710005434	0.11671368618210064	0.1396576018065734
2003	0.18162179145864613	0.18346224364471603	0.2496718927057302	0.2001677342355428	0.18507633795536485
2004	0.1922540195916931	0.20568901082334395	0.28891350086395706	0.1457951516293434	0.1673483170916625
2005	0.2062361997266297	0.19596996196238523	0.2623827325041167	0.138321847289036	0.19708925851783238
2006	0.19038375200929905	0.1945487744350353	0.21740233438320192	0.2034100859898994	0.1942550531825643
2007	0.2408526689732425	0.2066240864406803	0.22697536413844688	0.14558912378485922	0.17995875666277109
2008	0.23384866780190616	0.19802717030123168	0.21804419705809544	0.1689142479903525	0.18116571684841426
2009	0.22228062848965446	0.22939267033930072	0.1799690884708439	0.18577989004023326	0.1825777226599675
200mila	0.22829207982275224	0.15585090581693875	0.1393501840130218	0.259354145717717	0.2171526846295701
201	0.22985866321494886	0.2170171536228428	0.09705865451269573	0.2317151193134874	0.2243504093360253
2010	0.22544094087001385	0.20748055299258064	0.20642641251043906	0.185792096842703	0.17485999678426342
2011	0.24502127367637438	0.21990199623645193	0.20085879905668605	0.17175724850568475	0.16246068252480297
20112012	0.1766893362651066	0.35534312117341454	0.2505184580732797	0.09288111813835973	0.12456796634983927
2012	0.2664082503111752	0.21100604264845377	0.1891405823505138	0.17577361849108714	0.15767150619877007
20122013	0.28161084565309186	0.09824627404949338	0.17693008791366344	0.2638681732550317	0.1793446191287195
2013	0.25736962499599764	0.22806354829055833	0.18147693693362515	0.16055745094250765	0.1725324388373111
201314	0.12251133202587193	0.06227313504152655	0.23142361769843497	0.346823549338264	0.23696836589590264
20132014	0.1838860595042112	0.1687876494154893	0.12265746271005096	0.24913297282893118	0.2755358555413175
2014	0.24894420697574499	0.21943116424336415	0.1595680447408417	0.17368830230576202	0.19836828173428706
201415	0.22054790837394694	0.1052979751814023	0.13661754157822478	0.22866607044184475	0.30887050442458114
20142015	0.2922229127049438	0.30112962495121953	0.11944814585315137	0.11368011134866175	0.17351920514202343
20142020	0.490334487805545	0.13390701978881056	0.1181669989186626	0.055907532119662824	0.20168396136731906
2015	0.2582779911670423	0.22850180586770122	0.11444172838010652	0.1838110970539309	0.21496737753121892
2016	0.22572841943081978	0.21725404470956805	0.1349063472760265	0.19467191091315922	0.22743927767042657
2017	0.3082703023505208	0.1660682231708016	0.10906619439495148	0.13124149152078513	0.2853537885629411
2018	0.24440379869237902	0.1708360405522315	0.10277718935288535	0.20825849041961203	0.273724480982892
2019	0.22154201839438314	0.17038242430779166	0.06495165727357245	0.23081039858404329	0.31231350144020953
202	0.10545158244323134	0.14672812529931897	0.5246243018822745	0.11768955786968371	0.10550643250549155
2020	0.19154849025477513	0.21715718743081716	0.11863531344089433	0.22328510203597354	0.24937390683753982
2021	0.1256360755537699	0.2602619358236298	0.016606758205928385	0.1812642173990947	0.4162310130175772
2022	0.34823838675653385	0.12464580086170181	0.02988887802028993	0.2816587645801376	0.21556816978133686
2025	0.20710617387919558	0.26332327233325853	0.26678662079016746	0.12560560466607323	0.13717832833130533
203	0.34341922769907696	0.28339495276807947	0.0786506488329301	0.18694624443574984	0.10758892626416366
2030	0.16385025284747387	0.23480063173234464	0.16433448532202288	0.17490636807787774	0.262108262020281
204	0.18562099770859916	0.3104577086761795	0.03354177348324756	0.22768813607802857	0.24269138405394525
2045	0.22728456793250523	0.15340362077997638	0.12187057399710054	0.23619396875955956	0.2612472685308582
205	0.32567572339031103	0.2204189032885007	0.08090244411869281	0.1465323481173777	0.22647058108511783
2050	0.15587247865494244	0.3151253169923852	0.16505573469999144	0.15409910779637717	0.20984736185630382
206	0.31731553025676484	0.11387612505638618	0.19718686541864364	0.09035142143770528	0.2812700578305
207	0.17048728897516627	0.22719815305753036	0.18842770757862257	0.22659667064228378	0.18729017974639708
208	0.22413778674623866	0.08874041317899051	0.08321829632367737	0.38910727320569205	0.21479623054540145
20enne	0.14131146770660136	0.062342510763837455	0.32165560971199225	0.04383415602910962	0.4308562557884593
20mila	0.2678666788067573	0.17796452923475845	0.18616814518034522	0.22141275313555547	0.14658789364258373
21	0.19166457339500775	0.20771044079156287	0.21523939935448252	0.18779332124865325	0.19759226521029372
210	0.38622471057853647	0.1937031386570416	0.07981336440389632	0.10936251387896538	0.2308962724815603
2100	0.1796518139828079	0.1634678094658449	0.2607755202368706	0.21306748945971102	0.18303736685476552
211	0.31946435962645836	0.31306627340496285	0.18344154461659581	0.08538435794350596	0.09864346440847706
2110	0.11216569732453778	0.22676014860963428	0.19608743999709283	0.2583038824222379	0.2066828316464971
2115	0.2357104363493112	0.10002396704764305	0.19559511410317978	0.3654815893141912	0.10318889318567481
212	0.3523907758019142	0.17827173637566826	0.18961993999705679	0.14366984446867395	0.13604770335668687
2120	0.13172870730112704	0.21824774984954678	0.23438933536082668	0.26317215815392014	0.1524620493345794
213	0.2562604590695735	0.12958031969653797	0.23412676100132404	0.23093500145398807	0.14909745877857647
214	0.3519109732327909	0.15436351843734192	0.13501665479800917	0.16799077726479186	0.19071807626706616
215	0.280208132436285	0.19987258364502955	0.271264337300633	0.12497425943666758	0.12368068718138492
216	0.18347856397921475	0.37516439194358425	0.11763943078981046	0.08690971364716586	0.23680789964022458
217	0.163597686276067	0.25711030369477755	0.22845314507820705	0.08451289661442067	0.2663259683365278
218	0.13930723166919257	0.12361730790200082	0.5271756643993102	0.07476190250222288	0.13513789352727343
219	0.19164762717214087	0.18739514653110997	0.3449953432375684	0.10784179997587728	0.16812008308330348
21enne	0.22219819617000716	0.15715062095878543	0.3944954850640549	0.12261201574296711	0.10354368206418547
22	0.20613920387215762	0.16221330883178223	0.2402967537057951	0.19307406708596955	0.19827666650429548
220	0.27359737156572345	0.19766340293866755	0.11461366819920851	0.18773237236627735	0.22639318493012323
2200	0.2838743802583811	0.1773185186284111	0.17496632758511066	0.193005267068001	0.1708355064600962
222	0.18917594926916595	0.20299977374794298	0.1724863653316222	0.29486680864279663	0.14047110300847218
223	0.27813500474918346	0.12272903677126057	0.2648649831478326	0.2460326201820085	0.08823835514971498
2230	0.22034705370926785	0.21216545235070466	0.15710353728667578	0.30483800629318614	0.10554595036016559
224	0.25941064896356114	0.2614109399699153	0.10519164792342559	0.19067395974956106	0.18331280339353684
225	0.17683848697402832	0.21130488038866954	0.1398671163191597	0.1316144902385251	0.34037502607961745
226	0.33096026702979114	0.2288407690390956	0.0963962472173125	0.06009742994538021	0.28370528676842066
227	0.13164374609456297	0.3608088012305595	0.21088758813766917	0.11704522592199383	0.17961463861521443
228	0.2820692398223681	0.0759330323257397	0.2174012277090491	0.18145787125470697	0.24313862888813623
229	0.23578529808645754	0.12476490949408706	0.15763630005254745	0.29384388794569505	0.1879696044212129
22enne	0.1748805312424363	0.13177503171010935	0.25501422569503157	0.21699553747351816	0.22133467387890476
23	0.21451681575701836	0.1753726367661876	0.2576132739025494	0.1745654800341092	0.1779317935401355
230	0.16419987254475296	0.175956773119431	0.3125411646345035	0.19707124945451998	0.15023094024679265
2300	0.20144187963574176	0.32220851590297395	0.1266998750554214	0.2094171691705358	0.14023256023532701
231	0.3505505412984847	0.19367287740413305	0.1478109875314146	0.09272071762644724	0.21524487613952045
233	0.34159193575295427	0.14170652712700982	0.2182716917310818	0.15448077156452752	0.14394907382442657
234	0.1855276169630133	0.13299026977684858	0.2642331879726182	0.21167850692556625	0.20557041836195367
235	0.3212241087757254	0.1953086445010565	0.18900412800991206	0.06179982258453039	0.23266329612877568
237	0.15815552045478565	0.12233189636831271	0.22735270060126395	0.21996727416082923	0.27219260841480847
238	0.2755811335016947	0.05461645992601753	0.059059882384840195	0.3172282112330588	0.29351431295438873
239	0.15382008288098206	0.3158557893748168	0.38490497325196243	0.08361558339868067	0.06180357109355806
23enne	0.13331247024188952	0.2719330777209573	0.3714137920760018	0.16344393103141094	0.059896728929740385
24	0.2100121480351501	0.19986675143089472	0.22570728645761254	0.1770076529479067	0.187406161128436
240	0.32709639104999294	0.17146278139572274	0.18393771998480737	0.1324474368861683	0.18505567068330875
2400	0.5310871016970171	0.047088016129977366	0.261105985243782	0.08195234359596619	0.07876655333325722
241	0.3041289936094172	0.059294758524416825	0.09079178889776275	0.37595681166625555	0.16982764730214764
244	0.2693663820287291	0.22558829051951537	0.07977377010064438	0.17563055478911438	0.24964100256199684
245	0.11054015312294965	0.3285056955674084	0.1380689671201944	0.20274827170883442	0.22013691248061318
246	0.17472652180771436	0.21117688731784118	0.1338361640140041	0.22094796844594233	0.2593124584144979
248	0.26012877905489706	0.12521725404023468	0.14726796987685792	0.2171461399156577	0.25023985711235264
249	0.16697657229800167	0.17884726208748009	0.2445009425458332	0.3112079715136767	0.09846725155500853
24enne	0.12215876734900462	0.13199125844847567	0.17309745737922583	0.22517552387882497	0.3475769929444688
25	0.22668044471743481	0.1928031615173807	0.19467797659027827	0.1861900902924688	0.19964832688243755
250	0.2108442737394192	0.23554940130256063	0.1702382500620529	0.1691495433026698	0.2142185315932974
2500	0.23158985775477653	0.1818072126603626	0.2181952035045908	0.19168524637149303	0.17672247970877705
25000	0.25674689176562865	0.1725797935059303	0.058076212494742555	0.3694019902087112	0.1431951120249874
253	0.26712587866833454	0.16044545717647	0.24567311543446738	0.22315483385026336	0.10360071487046474
255	0.2235356764781455	0.3940306371880987	0.22261761989336398	0.06947714481564558	0.09033892162474613
256	0.07685762109192575	0.14869213590664798	0.28640696310121033	0.33518533071501516	0.15285794918520068
257	0.30120759018586796	0.3848905529094577	0.060432696954316585	0.13617700760289844	0.1172921523474595
259	0.17437854270322217	0.18498636564973545	0.35225636187414583	0.18537011487282948	0.10300861490006716
25enne	0.13286367244977892	0.08749724486160355	0.6334669611808592	0.03699788508633169	0.10917423642142667
25mila	0.3242393918578268	0.10052863012612673	0.16726038514739858	0.24650536809457696	0.161466224774071
26	0.24560923893150508	0.21776207391591998	0.19944569411917049	0.15580795301539685	0.1813750400180077
260	0.2190494716278534	0.18000312411204528	0.31534023682230705	0.14088128908229935	0.14472587835549486
2600	0.1365630961654374	0.15424135764084596	0.10062687496544095	0.24123856454977952	0.3673301066784961
262	0.33323365917806475	0.1655414939018272	0.25879721894867924	0.09052311715204402	0.1519045108193847
263	0.20515271109485989	0.15413009609019232	0.3907553352765191	0.07610014330421226	0.1738617142342165
265	0.16928634877719131	0.45090487587660927	0.17455768966789686	0.08160278850578816	0.12364829717251438
266	0.15405982097800552	0.12562467240660433	0.24803025326288894	0.23219788033773178	0.24008737301476954
268	0.09746402378949004	0.10809038229199988	0.18741519703578938	0.16021320932665206	0.4468171875560686
269	0.1742830762212201	0.12697146692022426	0.16225028046059642	0.4436569843389504	0.09283819205900881
26enne	0.12136960537108879	0.18233718198582963	0.30957038155490263	0.17319728690590258	0.2135255441822765
27	0.2233323681191979	0.19128092781292075	0.24859820069656238	0.1532061838475455	0.18358231952377357
270	0.32801352247792265	0.18342105606661188	0.2702209817446233	0.1079472726025489	0.1103971671082934
2700	0.1524258961657532	0.22644963338290156	0.09544199335801003	0.2767389491408525	0.24894352795248278
272	0.16314110509463256	0.11639050318569351	0.37021825659346413	0.09963929934629394	0.25061083577991583
273	0.41147135625775055	0.16388625191236136	0.05775896503524365	0.13682365334202154	0.23005977345262302
275	0.3830056811094189	0.13469165850071071	0.17628529435009865	0.20717705925033517	0.09884030678943652
276	0.25471563282353	0.08314258363952261	0.25965906791875737	0.3083680801129712	0.09411463550521873
278	0.13328255330956054	0.1524504899238083	0.22789650423369381	0.30473419948277203	0.18163625305016534
27enne	0.2038110009732858	0.1335238740226968	0.2257607095599026	0.20635868877891808	0.2305457266651967
28	0.22428215743080604	0.20037354563128257	0.20287205575794223	0.1736464003913747	0.19882584078859442
280	0.199443334502847	0.2144525868269015	0.10271464367817816	0.2289728972235468	0.2544165377685265
2800	0.1607186192943952	0.2887387516577016	0.19725739278712962	0.16515200888361828	0.18813322737715538
283	0.3303467817565147	0.23013292230077964	0.2704440910112516	0.059459536741561354	0.10961666818989275
285	0.28517782654532253	0.16869679290040804	0.09820426315093644	0.24014657144183355	0.20777454596149955
286	0.30205533750032565	0.25707677340147705	0.15525504523099004	0.19080248410500847	0.09481035976219869
28enne	0.17173155912411067	0.26050181851391213	0.28912322345277486	0.1454449728790806	0.1331984260301217
29	0.23595199775512146	0.17686833209530778	0.21664029416010314	0.15981353384303928	0.21072584214642834
290	0.3732724354304987	0.2211966242785971	0.14041017932847033	0.1548046675578097	0.11031609340462428
293	0.38199825007016275	0.16400303037724012	0.21700770807468894	0.1788977402615416	0.05809327121636652
294	0.24357872745281423	0.29129782710586233	0.2502118767868008	0.15818137968662271	0.05673018896789983
295	0.20159688446134844	0.1741030810754135	0.22790989897997407	0.14093144309782873	0.2554586923854352
298	0.2880502102114367	0.168513480813992	0.3219772501352365	0.1220144063095422	0.09944465252979252
299	0.15355519119720554	0.3673423685905219	0.06318310537381527	0.17819289271653255	0.23772644212192479
