	INDIGNATO	PREOCCUPATO	TRISTE	DIVERTITO	SODDISFATTO
15#n	0.13999760658749769	0.2840425470266105	0.08242548021264647	0.27801333447841214	0.21552103169483317
17enne#n	0.14973675203181744	0.1234244609038987	0.39861768647672247	0.17088004720645897	0.1573410533811024
18enne#n	0.17095607691354534	0.18043740993799592	0.2845305734221221	0.1827955626549375	0.18128037707139916
1994#n	0.1414891835341276	0.28981917229533405	0.3071620487869333	0.12074433911834698	0.14078525626525806
19enne#n	0.05831045482664147	0.3237050825821494	0.2763853810347952	0.10077813576258324	0.24082094579383062
2015#n	0.2511393762883246	0.2089967216176092	0.11328627977589702	0.18730537931335892	0.2392722430048103
20enne#n	0.08456762599490064	0.07182597384054559	0.261793792729059	0.04852951709045167	0.5332830903450431
22enne#n	0.15136990816931958	0.15276099568073245	0.22503933655998098	0.2398780015178346	0.2309517580721325
23enne#n	0.11175541902579565	0.30560904470705214	0.31718569655654555	0.2014580526035837	0.06399178710702287
24enne#n	0.08800758119772091	0.16397391478017317	0.18199374282168773	0.3148280229890794	0.2511967382113387
25enne#n	0.13501700933494865	0.10318350450538366	0.5713514823013716	0.03030818623625165	0.16013981762204457
26enne#n	0.10223749638825323	0.20957039135254182	0.26257923570757913	0.20982065761231358	0.21579221893931227
27enne#n	0.2312250780996267	0.10221468551001066	0.20479087340090824	0.15472498672999616	0.30704437625945835
28enne#n	0.14999389781283126	0.2727731215652106	0.23989569401692895	0.175317505493444	0.16201978111158505
29enne#n	0.09056831380501493	0.4959137735215388	0.07946699086151035	0.21660823057413617	0.11744269123779964
37enne#n	0.1718263209475624	0.1557808993979462	0.19056374205873317	0.34457361547795795	0.13725542211780023
3d#n	0.061111275624856694	0.0751219149560658	0.04371372679750028	0.4953334365562968	0.3247196460652804
3g#n	0.009965540001929158	0.25666837942937776	0.021690511161772758	0.2842096198391294	0.427465949567791
40enne#n	0.14886307327307466	0.1686604035671513	0.4210088121829007	0.1305228590309091	0.13094485194596414
4g#n	0.07592260340355535	0.35749991529981423	0.036203870549282945	0.3414550054427459	0.18891860530460167
5s#n	0.0955211830444608	0.24563621091555396	0.1602446034289838	0.28637240752157767	0.21222559508942365
a2#n	0.38623213683884094	0.10555550547899782	0.2175017237196465	0.0929103364954882	0.19780029746702646
a2a#n	0.24109007468915888	0.3408272585946706	0.10473158213666839	0.07549298619384272	0.23785809838565947
a4#n	0.22880836759701087	0.13192885886758063	0.24359894075406865	0.17717831319378882	0.21848551958755102
abadi#n	0.24207922054113068	0.3896771670732881	0.2561799346834215	0.022409587472494587	0.08965409022966533
abate#n	0.1830882184151867	0.15640643380918168	0.1477325974131163	0.31987347047250836	0.19289927989000705
abbandonare#v	0.19002818961566098	0.20861576894685738	0.22583039794306203	0.16858321879265856	0.20694242470176108
abbandonato#a	0.1842147951831295	0.18919300518666277	0.2653631531461334	0.15706733069193873	0.20416171579213566
abbandono#n	0.19874015375105775	0.21389265850857503	0.19154000575845498	0.19099410726115962	0.20483307472075263
abbas#n	0.19870994928616936	0.202611840655708	0.13833895758388315	0.2514007376108543	0.20893851486338522
abbassamento#n	0.24276207039709635	0.24938677085193348	0.13425405035048216	0.18733202257156062	0.18626508582892748
abbassare#a	0.27560442603650076	0.24225834897132867	0.18837266626513682	0.18258759542450595	0.11117696330252783
abbassare#v	0.2413503396508714	0.2116091637373751	0.14142246798050792	0.18134448249888058	0.22427354613236503
abbastanza#n	0.20978667069692392	0.2586220650930881	0.07684542466649376	0.2280872595394657	0.2266585800040286
abbastanza#r	0.1483190878672987	0.2366523757516214	0.14938198444900042	0.21119186170493834	0.2544546902271412
abbattere#v	0.20577880315228192	0.22912355264874557	0.26935905642964214	0.14590391868896807	0.1498346690803623
abbattimento#n	0.2923407780586844	0.23088937435841062	0.16841696209223833	0.147081549890836	0.1612713355998305
abbiati#n	0.1076570573720651	0.0377168152034117	0.24642032494880267	0.4215705479020011	0.1866352545737194
abbiente#a	0.25795396574673457	0.17910957909773287	0.21820799196362797	0.16203504149347023	0.18269342169843433
abbigliamento#n	0.1509928002435111	0.23731161678082535	0.1753436489866284	0.25607508763966325	0.18027684634937188
abbinamento#n	0.07977633127739298	0.15294251209333729	0.017282300590287496	0.6505208760579773	0.09947797998100505
abbinare#v	0.12471784569299113	0.1653723221601386	0.0869123319031326	0.43078946767322035	0.1922080325705173
abbonamento#n	0.15139853100038747	0.18255953629208238	0.08105008041577605	0.3533233737839021	0.23166847850785202
abbonato#n	0.20475363081714376	0.2845770162524062	0.12786119240610067	0.22762230841515338	0.1551858521091959
abbondante#a	0.09449746416334114	0.2796499921829516	0.19694074057671074	0.23640883246965994	0.19250297060733673
abbondantemente#r	0.18226150526605156	0.3282935962611654	0.10973858945038684	0.2480939983958841	0.131612310626512
abbondanza#n	0.1507518333630291	0.242758231449291	0.22208484318391306	0.22436530823861855	0.16003978376514827
abbondare#v	0.21652458728681062	0.1934205047135172	0.12034212549327081	0.2195131730292099	0.2501996094771916
abbordabile#a	0.15430316177394138	0.14317316156274368	0.10919945899336142	0.4171651884763789	0.1761590291935747
abbozzare#v	0.14889978701098394	0.31262156446922523	0.12042865395018232	0.14989980014097473	0.2681501944286338
abbracciare#v	0.17367983237561094	0.1967184227030522	0.17186609322802393	0.17783690699570137	0.2798987446976115
abbraccio#n	0.17546929590531304	0.14916292319367236	0.22727654682325185	0.19533553650548932	0.2527556975722735
abbreviare#a	0.3084237709583046	0.1602668625794512	0.16341502912460643	0.12221543676333599	0.24567890057430183
abbreviare#v	0.2178582210322613	0.25849961274479494	0.1294377129753583	0.2064090338615421	0.1877954193860433
abc#n	0.1690898370670138	0.2689860283117716	0.22356223888755372	0.20282861558885681	0.13553328014480406
abdel#n	0.2921010814746101	0.38603630770146774	0.18591324244334503	0.03309815699233488	0.10285121138824223
abdicare#v	0.10181571990125819	0.15049521575521907	0.21823923291352654	0.2190665733108162	0.31038325811917994
abdul#n	0.10971151665037121	0.2538514393791627	0.47741315422575165	0.0829719628786022	0.07605192686611219
abdullah#n	0.382134320457692	0.1325829867155728	0.17418336322292366	0.1237694917311726	0.18732983787263882
abe#n	0.10170775140625284	0.3459553581778486	0.04723449446333536	0.30409889671049134	0.2010034992420718
abete#n	0.24232572890628884	0.17358073286936565	0.23631670399558893	0.13973498068308246	0.20804185354567414
abi#n	0.2766042901209198	0.1951614574600375	0.14358979523303092	0.17087243815177566	0.21377201903423623
abile#a	0.14514968807164788	0.20626252966708497	0.23929077593314596	0.19511555720165472	0.2141814491264664
abilitare#v	0.19892278807108987	0.2862981903344637	0.13417196160438344	0.2083445411350426	0.17226251885502042
abilitazione#n	0.3846624884170475	0.23136498816220377	0.10119440576559115	0.15443423161755182	0.1283438860376058
abisso#n	0.16758273706528393	0.21772227131226193	0.1951249584340287	0.294961898939285	0.1246081342491405
abitacolo#n	0.08947945557295092	0.1707183600963979	0.3886574230281756	0.1735495405880164	0.17759522071445924
abitante#n	0.18830267407230436	0.1973864678181072	0.23775794544528434	0.1803652129963871	0.196187699667917
abitare#v	0.1572445246675292	0.1891494678537887	0.2169091748516485	0.24644562759878022	0.19025120502825343
abitativo#a	0.2632229303342999	0.2592018556593377	0.0934359906875815	0.152056477122028	0.23208274619675281
abitato#a	0.11941389297573653	0.22018738015334452	0.22229240180006812	0.13084159501295806	0.30726473005789284
abitazione#n	0.27115038146677234	0.20062616695394034	0.30120332194675176	0.1197357554047831	0.10728437422775257
abito#n	0.10877119397400695	0.15593347983119973	0.1781029193578569	0.4049788112802839	0.15221359555665262
abituale#a	0.2198251430328452	0.19384824115192928	0.11886396204131827	0.2881781636541864	0.17928449011972078
abitualmente#r	0.28029055244056195	0.14989122940433575	0.17820778228323675	0.14559421440386372	0.2460162214680018
abituare#v	0.1456592012363493	0.22152428254074852	0.1646040123667461	0.24454604197946295	0.22366646187669303
abitudine#n	0.1544949938958776	0.18893544405345	0.18336373169884918	0.2529815236350621	0.22022430671676102
abnorme#a	0.39589599004328807	0.1736561655413702	0.22401417374360127	0.06436501971986416	0.14206865095187624
abolire#v	0.2977877244977596	0.15312336234827936	0.08958521431512592	0.23478231790576135	0.22472138093307378
abolizione#n	0.32247307204324294	0.14096726249430136	0.06988824326732582	0.21953897527069785	0.24713244692443212
abortire#v	0.1438216154982497	0.2470674776132782	0.4300767060920592	0.1064471310493105	0.07258706974710234
aborto#n	0.1520261955391209	0.2450453648025995	0.20837574214038423	0.21112028670637545	0.18343241081151987
abrogare#v	0.2657885152830756	0.2997338233836517	0.19157015333183863	0.07560444836823357	0.16730305963320052
abrogativo#a	0.2919042707762038	0.06655546265655217	0.23439333695693806	0.12034923956196643	0.28679769004833944
abruzzese#a	0.19693421642524903	0.152555821067975	0.17399771415341952	0.18339955126949048	0.29311269708386595
abruzzo#n	0.1823727744549495	0.21758524997029202	0.2230436662981727	0.1443760961810603	0.23262221309552547
abs#n	0.18662193241295294	0.4504944431198744	0.04918503847247324	0.06410726701032542	0.24959131898437395
abu#n	0.2645578144206268	0.22690658905838512	0.19902424314779144	0.11647331169610921	0.19303804167708735
abusare#v	0.28601754159892173	0.14102110349918304	0.1485220171723088	0.2441934194943411	0.1802459182352454
abusivismo#n	0.2843693300870195	0.13199417469798672	0.07457290158519975	0.19301972355666264	0.3160438700731314
abusivo#a	0.25827985440102874	0.18368831809713645	0.21484177455854717	0.13274883258538384	0.21044122035790389
abuso#n	0.30984431472244206	0.16557276563994122	0.16542858610344086	0.13857542964511638	0.22057890388905949
academy#n	0.11566261362173463	0.1768010890747937	0.169206804302884	0.1600656143367617	0.37826387866382594
accademia#n	0.10413730316315693	0.1311885672432536	0.2752766411366299	0.23947751802908948	0.24991997042787
accademico#a	0.153575577797334	0.2602588634211182	0.1503349559306998	0.21627111811976682	0.2195594847310813
accademico#n	0.27251965947670354	0.09753690783539358	0.30234620901667464	0.09625380475004178	0.23134341892118637
accadere#a	0.18174060003410714	0.2272906822695578	0.06465801895269989	0.269978663854479	0.2563320348891562
accadere#v	0.20154315359714764	0.2139951289443744	0.2556281492965757	0.1755405057590992	0.15329306240280302
accampamento#n	0.14235007793424392	0.16652307488724818	0.2272562838158557	0.22714197186000282	0.23672859150264935
accampare#v	0.23557060842179864	0.1700540010095522	0.21129425316461548	0.21042124579096688	0.17265989161306683
accanimento#n	0.292367919739589	0.23339226775645977	0.20826640630211163	0.10248914462516676	0.16348426157667284
accanto#r	0.15388211357603873	0.1788049702163403	0.1885040947682728	0.24486766807946012	0.2339411533598881
accantonamento#n	0.3568649424645067	0.21634665390757363	0.05222161699145603	0.23814555670327803	0.13642122993318564
accantonare#v	0.30939689069137993	0.18793617473316931	0.13793741845381333	0.1617068697110745	0.20302264641056295
accaparrare#v	0.3124880726363579	0.11371902275526738	0.15683294205976117	0.2633741873420082	0.15358577520660535
accarezzare#v	0.1405793487408349	0.1494898347547274	0.21340729112744233	0.3027928004473724	0.19373072492962298
accasciare#v	0.19624287669783316	0.16232561039013965	0.4861115230238171	0.06440548500294783	0.09091450488526236
accattivante#a	0.08688764271614531	0.16541193844691965	0.1886314549841681	0.23802826616840173	0.3210406976843652
accavallare#v	0.10202595677876634	0.2935255593111378	0.2949087159388998	0.13211942070601085	0.1774203472651853
accecare#v	0.11962920012731908	0.1266883332732434	0.1628636962728001	0.338882634014343	0.2519361363122944
accedere#v	0.16994792735227177	0.19281799327984062	0.12067010976991308	0.26215194690969484	0.2544120226882797
accelerare#v	0.2145858763710784	0.26094395364063655	0.14272136548728034	0.15012266314837097	0.23162614135263362
acceleratore#n	0.1494528327676811	0.30071530421591064	0.12557715384726026	0.1608694441869132	0.26338526498223486
accelerazione#n	0.18817339108434325	0.24584912443529613	0.17086202050724927	0.18782296327169073	0.20729250070142063
accendere#v	0.20175754440916732	0.17203083691658952	0.16377031825235636	0.251963355542351	0.21047794487953583
accennare#v	0.18234040017472142	0.20157745460343765	0.12490564452090476	0.2894188081681222	0.20175769253281386
accenno#n	0.23663344559884822	0.1896992147630189	0.1615164293449467	0.22654717729419388	0.1856037329989923
accensione#n	0.13614118968200842	0.13566080932549215	0.07905409787657557	0.2654798094414292	0.3836640936744947
accento#n	0.2244995763097673	0.24250658704738096	0.1633247669886619	0.1795690977690648	0.19009997188512512
accentuare#v	0.20594713027286035	0.2605849036410935	0.2161465809558567	0.13453665474531515	0.18278473038487428
accertamento#n	0.18876073830458726	0.1661570713104503	0.4493059340854755	0.10105669113026441	0.09471956516922253
accertare#a	0.3011049623232882	0.10054975968803621	0.39100665146992775	0.11679167960008398	0.09054694691866394
accertare#v	0.22748708898953596	0.21185076048004345	0.347365705282672	0.11456809954391255	0.09872834570383614
acceso#a	0.16699705927775743	0.22849367603499107	0.24121671279906023	0.173342248760965	0.18995030312722624
accessibile#a	0.07611188051941789	0.17998517488484525	0.14600060548397553	0.30992175703749636	0.287980582074265
accesso#n	0.19833280271299017	0.23579875607008613	0.14099699487363213	0.22534327001330537	0.1995281763299861
accessorio#a	0.2816932010923813	0.0978271568420213	0.06824332456209305	0.2369752424946101	0.31526107500889433
accessorio#n	0.10316528114802459	0.16344544262471608	0.09076431162528036	0.4801787233589005	0.16244624124307852
accetta#n	0.19597018583891831	0.20769534679026622	0.07069872918008883	0.29925505043104855	0.22638068775967807
accettabile#a	0.2561478262143668	0.26017863055495355	0.14714330899522957	0.17626162664392475	0.1602686075915253
accettare#v	0.2050554328982887	0.2117908466433998	0.16869640066577135	0.22082635405792345	0.19363096573461674
accettazione#n	0.16060582425313713	0.1504732795307416	0.22335434816212701	0.18698035683843003	0.27858619121556427
accezione#n	0.10863702507104911	0.23848889701462936	0.09376639494998217	0.3027074816526215	0.25640020131171776
acciacco#n	0.09215116598404437	0.21963614487200858	0.21168329017330934	0.10212530835111694	0.37440409061952074
acciaieria#n	0.17347002378187582	0.27940864989394576	0.26037555313889804	0.0982623028115163	0.188483470373764
acciaio#n	0.11823301519007134	0.16544697243930248	0.14320428632792934	0.28568543126787016	0.28743029477482673
accidentale#a	0.09432515781408712	0.10598667468017915	0.4264411473728921	0.25113458328647603	0.1221124368463656
accidentalmente#r	0.1898083431112458	0.2889167171230401	0.2820052421034198	0.045791071472858935	0.19347862618943523
accingere#v	0.21799357075952985	0.19102189603294753	0.0529292300255148	0.37389704826136105	0.16415825492064684
accise#n	0.46931848657468705	0.10595327985571787	0.05651878441150602	0.1156032430697866	0.2526062060883024
acclamare#v	0.09044985640659707	0.19954317982852698	0.12283063297855117	0.3777550125492196	0.20942131823710514
accogliente#a	0.15802069008266223	0.0677077055778693	0.1780581159114949	0.23643578827843717	0.3597777001495363
accoglienza#n	0.2846840526200517	0.1365319706857278	0.13798969641972247	0.23484081612913918	0.20595346414535887
accogliere#v	0.24267963208277252	0.18312107834570834	0.14746981046788982	0.18448941930557114	0.24224005979805827
accollare#v	0.19578929353702007	0.27568040679899547	0.17634982660252407	0.16985382244517017	0.18232665061629014
accoltellare#v	0.16371907245621478	0.15173016981505466	0.3659888053427113	0.23223615819669788	0.08632579418932146
accomodare#v	0.20466240798095947	0.20679906399411496	0.1622805452848846	0.202821957263932	0.223436025476109
accompagnamento#n	0.2162483331494031	0.21660090857837644	0.11612716645698774	0.25313285038687483	0.1978907414283579
accompagnare#v	0.18419440005847743	0.19442406926375355	0.2055761582510266	0.22332070052338637	0.19248467190335616
accompagnatore#n	0.1726005742613227	0.1631220830867997	0.3313238907137806	0.20292839363284795	0.13002505830524907
accomunare#v	0.12717910451046868	0.15866456835879814	0.1511673151478583	0.40836792909903136	0.1546210828838434
acconsentire#v	0.22180973197660253	0.2547438310293131	0.12629761662070793	0.23962588059183784	0.15752293978153856
accontentare#v	0.16645010177143957	0.1992165061058764	0.18171554120461667	0.19737222512163113	0.2552456257964362
acconto#n	0.6640940685857698	0.12180723651834936	0.09865422497681962	0.060925476099167576	0.0545189938198936
accoppiamento#n	0.17441499814426145	0.1604380251331387	0.09997953766622919	0.2091863206720374	0.35598111838433316
accoppiare#v	0.06442192594111279	0.17433456049474533	0.029823141869014937	0.19202612966323723	0.5393942420318896
accorato#a	0.2625852844210433	0.14590791201085426	0.09292415099509303	0.3030936712568644	0.195488981316145
accorciare#v	0.1255950346998441	0.20775878899196146	0.08962454570240529	0.33494232177215094	0.24207930883363818
accordare#v	0.1974367910020979	0.28353964600636056	0.10257583186733628	0.2819829057569952	0.1344648253672101
accordo#n	0.22498001309542642	0.20689782544837385	0.1277088454464018	0.20360910685853498	0.23680420915126285
accorgere#v	0.20476530231318535	0.18175329104323482	0.23945667816575253	0.1953586005384703	0.17866612793935702
accorgersene#v	0.0880756042141556	0.3173620651810378	0.06724647195680872	0.33133905606654945	0.1959768025814484
accorgersi#v	0.16442814770140327	0.24436752366925393	0.2303258551261457	0.2115870674458927	0.14929140605730434
accorgimento#n	0.18307616505474852	0.2783886958894656	0.13505419116223533	0.23570071218352062	0.16778023571002998
accorpamento#n	0.27797201924118503	0.17726267549991392	0.1384489491809889	0.16356911804379623	0.2427472380341159
accorpare#v	0.2820401059602241	0.23599052089408137	0.07872732254240207	0.1276050250150194	0.2756370255882731
accorrere#v	0.16614975508375074	0.17350484757983328	0.45762206472960415	0.08917892580985073	0.11354440679696114
accortezza#n	0.10057564173574073	0.26533247166908164	0.04112378212814412	0.40820839007894766	0.1847597143880858
accorto#a	0.18735663224329566	0.23368627104906578	0.1341181969283103	0.21161330591531136	0.23322559386401684
accostamento#n	0.23372979080433634	0.06655254660230388	0.10544854394723757	0.28922192506417227	0.3050471935819499
accostare#v	0.09027034281930547	0.25382347301418196	0.11896840629202926	0.3310480039031559	0.20588977397132746
account#n	0.17375089543856675	0.2737027083974432	0.15769581690854545	0.2202817326733178	0.17456884658212685
accreditare#v	0.18834861640485465	0.17047206582879437	0.24639770760321145	0.21404150956215964	0.18074010060097986
accreditato#a	0.12103015900403083	0.40574991807153493	0.2721806310599153	0.043797883060566555	0.15724140880395224
accrescere#v	0.1754791626716633	0.25124499633096253	0.2198589988548847	0.18550997306492284	0.16790686907756666
accudire#v	0.1518406673784474	0.22742804764103364	0.18768016313414682	0.27311759159857474	0.15993353024779747
accumulare#a	0.14334631274194437	0.2371877469233723	0.10853774554133157	0.374496094145806	0.13643210064754582
accumulare#v	0.18736605542663237	0.2563320679247634	0.121836863734498	0.2160303234509885	0.2184346894631177
accumulo#n	0.11145023763766877	0.38358181769077093	0.10866130071182886	0.2664758131763077	0.12983083078342367
accuratamente#r	0.09370622784443756	0.06361262587744947	0.30021444709112155	0.22151032698947998	0.32095637219751144
accurato#a	0.11505653885523519	0.2686895009852758	0.12854549597781992	0.25064138523980267	0.23706707894186635
accusa#n	0.30042088572860404	0.19359403761165944	0.1942646768016582	0.17138095220560232	0.140339447652476
accusare#v	0.2592524236898018	0.19427879003351825	0.18273808420488974	0.1886318945830145	0.17509880748877563
accusatorio#a	0.4311622623244752	0.17139080799556597	0.09009585694775281	0.11514267742268806	0.19220839530951797
acea#n	0.37639996987362107	0.2808500997964955	0.06361193061392778	0.05639800949730054	0.22273999021865518
achille#n	0.11070314730127118	0.1366941405011737	0.08286303624884978	0.37594794091698946	0.29379173503171596
aci#n	0.1363465418941863	0.12731124276836348	0.11998164842200065	0.11092257806323164	0.5054379888522179
acido#n	0.27559082318558187	0.14318678064977958	0.21973635037786235	0.0547933438208011	0.30669270196597503
acqua#n	0.12579135024966054	0.23671576315115947	0.1926043413024849	0.22881661274943318	0.21607193254726184
acquatico#a	0.04952222607265577	0.04197016699900063	0.29675257907354763	0.14234513769560433	0.46940989015919166
acquazzone#n	0.0763072561671487	0.15276988899610805	0.3078981841734415	0.3164401493882821	0.14658452127501978
acque#n	0.19649504542819843	0.17174195925999983	0.25978831075136416	0.07886874681960739	0.29310593774083027
acquedotto#n	0.13168683912673304	0.47447318718881953	0.12542982271376465	0.07777146825827462	0.1906386827124082
acquirente#n	0.18351863522313788	0.20787456023715145	0.0645344927887973	0.3298207552777167	0.2142515564731967
acquisire#v	0.1812000538555732	0.2357426304149233	0.14067374030919183	0.22250254341494283	0.21988103200536877
acquisizione#n	0.13808261064816857	0.24892450570561483	0.17154170540289426	0.23538783960116302	0.20606333864215928
acquistare#v	0.172911790957509	0.24570751729903156	0.1142070984314442	0.2780192711055981	0.1891543222064172
acquisto#n	0.2283452937896618	0.22982377870504944	0.1149895542219517	0.20814464002174463	0.21869673326159247
acrobazia#n	0.09227498969299174	0.09729359561966135	0.48747969742645464	0.14416719842804376	0.17878451883284857
acronimo#n	0.15981871280342236	0.2295503965361255	0.06524756437301947	0.2769105838390664	0.26847274244836616
act#a	0.4236735582492676	0.14194448027737108	0.0572079120709086	0.16919597345080425	0.20797807595164858
act#n	0.30652766412232413	0.23764621321126872	0.09414713805942539	0.16513088422085304	0.19654810038612874
action#n	0.24439748498239422	0.3081734260507744	0.07964278814496237	0.17806013304434842	0.1897261677775205
acuire#v	0.2079708815884371	0.21477482921311408	0.16106691841464313	0.21135310286379266	0.20483426792001302
acustico#a	0.06467742225289719	0.17253467243072387	0.3357941503800972	0.2468747916066841	0.1801189633295977
acuto#a	0.18014425335837048	0.2094827749720048	0.1859338047278091	0.21462851725534524	0.20981064968647042
ad#n	0.23248290456195372	0.21763156907912862	0.1309578077743403	0.21890180242051896	0.20002591616405854
adagiare#v	0.11706608352069359	0.14230542459272666	0.30629808926399155	0.2898159741294906	0.14451442849309742
adagio#n	0.251921475666994	0.08512066927952645	0.07968439230064485	0.3264777802113939	0.2567956825414408
adam#n	0.13422795930476097	0.2439930733629348	0.12637345017341217	0.23741964766290613	0.25798586949598606
adams#n	0.26572334836715067	0.08851221533419017	0.38094555200712216	0.1687123866041807	0.0961064976873563
adattabile#a	0.15958088031938222	0.3160541738550429	0.18868000613918962	0.14398064442034011	0.1917042952660452
adattamento#n	0.12275772716050305	0.17797312358151637	0.39930197792546807	0.10703162580671814	0.1929355455257945
adattare#v	0.09857792538287952	0.23694675040018146	0.1629972178651427	0.2627756820748452	0.23870242427695107
adatto#a	0.10481810870987257	0.2545117889116321	0.1668314906738496	0.2525192735141339	0.22131933819051175
adatto#v	0.13186176623315896	0.10768110160400697	0.03374170202250408	0.32384671788816494	0.40286871225216503
adda#n	0.07557219469909236	0.22186553831848047	0.19036317416171084	0.109830049788595	0.40236904303212123
addebitare#v	0.4002786612982594	0.0974392741755109	0.05702369733347965	0.24817337217567043	0.1970849950170797
addebito#n	0.44338006056388707	0.32249207717530215	0.051031529220222596	0.054904460592652075	0.1281918724479362
addentrare#v	0.11538943273205421	0.18668717038064642	0.17338926328791995	0.255529577878298	0.2690045557210814
addestramento#n	0.1768928864807446	0.14449609564896249	0.3133498998608064	0.21901998646321943	0.14624113154626694
addestrare#v	0.21791234610760019	0.34904129996443917	0.15332372037043107	0.10766700047843218	0.1720556330790974
addetto#a	0.08312731901754242	0.3130077878257442	0.16678731420885454	0.33059595959683097	0.10648161935102764
addetto#n	0.18991122094566593	0.24689040713126303	0.15416878940019163	0.18953744600312314	0.21949213651975621
addietro#r	0.19210632555187765	0.12834806217034905	0.18071989001066152	0.24310605807185356	0.2557196641952582
addio#n	0.13883308385112172	0.18472724933166765	0.1930067857679236	0.27209161817264615	0.2113412628766409
addire#v	0.08072718328669727	0.21555695967901167	0.1655109903717541	0.30240740083826156	0.23579746582427544
addirittura#r	0.17132655231695884	0.22849735994274373	0.16483659653091648	0.23298062316622192	0.202358868043159
additare#v	0.19866552741899357	0.2615326714860026	0.16843248417434495	0.12273231240796749	0.24863700451269127
addizionale#a	0.5466877630967607	0.10710961941085372	0.14088904994137288	0.09741750506320583	0.10789606248780684
addizionale#n	0.5061995211353532	0.14387837749779012	0.13807392512172714	0.0939557354453165	0.11789244079981315
addolcire#v	0.23795133123653472	0.0958221848067255	0.129499848639946	0.12013646787193895	0.4165901674448547
addolorare#v	0.11917049836592902	0.15613683027033204	0.6011114213728866	0.059810457009117066	0.0637707929817353
addolorato#a	0.4660648081863454	0.0999636151979221	0.2746557957210475	0.0745950507351876	0.08472073015949734
addome#n	0.3463815643586117	0.17967491403169109	0.3534133434360311	0.05777299685597889	0.06275718131768715
addormentare#v	0.14872055091282194	0.22770033911555004	0.18624070385321398	0.22340206786518246	0.21393633825323166
addossare#r	0.15885302602719367	0.16048317510325813	0.30709887485678844	0.20829539839205394	0.16526952562070585
addossare#v	0.21654973166474153	0.24492641257817746	0.20491460664811512	0.18107788423546187	0.15253136487350402
adeguamento#n	0.3760056897677908	0.1005284883045894	0.14912596403193096	0.2111459268740807	0.1631939310216081
adeguare#v	0.25759319512383705	0.2166429581991075	0.13743472450487193	0.15190376845339013	0.23642535371879336
adeguatamente#r	0.24252529434151532	0.21328827554810834	0.19441787894194024	0.1214235090889585	0.2283450420794776
adeguato#a	0.20330791644087118	0.2925877606705186	0.11853927833775754	0.17886771998583512	0.2066973245650174
adempiere#v	0.37723879783134645	0.3301386657612977	0.08126881561335571	0.07441229514378088	0.13694142565021922
adempimento#n	0.379740078641185	0.17485039291822332	0.09799909365963042	0.2012430178069148	0.14616741697404645
adepto#a	0.3005498966414976	0.21320821759467812	0.13243336683145118	0.29079319472739734	0.06301532420497574
aderente#a	0.1920654404897622	0.21915661806677797	0.0875746488913534	0.28565207481331767	0.2155512177387888
aderire#v	0.2145469856585377	0.2365891263344616	0.15369145787173122	0.16237806808478097	0.23279436205048845
adescare#v	0.36662042851238025	0.19933074243686985	0.16852186282533985	0.1590443277436758	0.10648263848173437
adesione#n	0.231969484285441	0.21822246462699096	0.07983342584567592	0.19420626998656815	0.27576835525532395
adesivo#a	0.08493787552493098	0.13700900996581292	0.12961303910768243	0.42062948188292315	0.22781059351865043
adesso#r	0.1961060483885043	0.17701111607548092	0.19947567138360103	0.204137816985371	0.22326934716704275
adiacente#a	0.15288353608187563	0.259296639369761	0.2771824883897522	0.13760383109906896	0.17303350505954207
adibire#v	0.21288261518732726	0.19466797042276326	0.06560379528047108	0.08079419979278496	0.4460514193166533
adige#n	0.14876540918793443	0.08482749645153187	0.4017914403583253	0.15502241355046367	0.20959324045174477
administration#n	0.1028136871059814	0.28823960349372474	0.11916748725818233	0.30541805352551826	0.18436116861659335
adnkronos#n	0.2027957228127111	0.16128306688535932	0.22920029216565374	0.16705863365439175	0.23966228448188412
adolescente#n	0.16858313971798333	0.21349399382411077	0.2299224103001259	0.201856764862655	0.18614369129512515
adolescenza#n	0.0759309298752647	0.07299245221914286	0.13630281425718974	0.38374207804003685	0.33103172560836586
adoperare#v	0.29749516299814005	0.2223169791751122	0.15084249866716934	0.12119372464999065	0.20815163450958768
adorare#v	0.14897360831415252	0.16762433398572676	0.2512440562702731	0.23980397868687536	0.1923540227429722
adottare#v	0.2124463222807018	0.22164246525527048	0.13725721020761705	0.18983552575611615	0.23881847650029453
adottivo#a	0.1772477286721303	0.17691303147473528	0.35816147801517006	0.11087679791177403	0.17680096392619019
adozione#n	0.2800526910354045	0.19101233752468866	0.15554004690574683	0.12723835298353633	0.24615657155062362
adrenalina#n	0.04562234259391184	0.39735135070106825	0.26721329761488044	0.17063309099482468	0.11917991809531489
adrian#n	0.19545606391056725	0.255946521033263	0.2828947381807113	0.1421659060977033	0.12353677077775518
adriana#n	0.14903394541847728	0.3208896242176563	0.23743798943337383	0.09859638565642666	0.194042055274066
adriano#n	0.14689827289565532	0.1732449438064112	0.2327057595567771	0.27539515025047656	0.17175587349067978
adriatico#a	0.10505608085218045	0.2658887773065108	0.28986610751766595	0.16996181151480486	0.1692272228088381
adriatico#n	0.09886481693082931	0.2694374092094938	0.2255094132111182	0.25778100992541725	0.14840735072314157
adulterio#n	0.45477159438335407	0.12681350674797892	0.20518534855879722	0.06034478262852032	0.1528847676813496
adulto#a	0.18280446025465139	0.16325593125148577	0.21276519947094108	0.22365726819323328	0.2175171408296887
adulto#n	0.17862667607609803	0.26848528170124025	0.16440177242215392	0.14736351792044422	0.2411227518800635
adusbef#n	0.5718510482619452	0.052836311067256385	0.1567205886912191	0.12616772480446597	0.0924243271751134
advanced#n	0.0597218203527588	0.14777525704144995	0.12666631216886975	0.3273542931352712	0.33848231730165024
advisor#n	0.14533872965720776	0.325834551285083	0.13745652069291417	0.15097095712809666	0.24039924123669837
advisory#n	0.06663942384918226	0.18760324908634116	0.2949324805586755	0.2205351288090228	0.23028971769677842
aereo#a	0.15721148249961878	0.29150751558871074	0.252676697900308	0.1568018252142457	0.14180247879711666
aereo#n	0.16779536570954112	0.31034729967606245	0.2536562411063992	0.13881859292227489	0.12938250058572232
aeromobile#n	0.06876029255019221	0.46147815801445363	0.05047540847137478	0.3747478966053105	0.04453824435866887
aeronautica#n	0.13660748407677697	0.23618647359629433	0.4405002450456596	0.087620382076711	0.0990854152045579
aeronautico#a	0.10744026847916163	0.35063816753385646	0.19778679392232734	0.1865599983325594	0.15757477173209508
aeroporto#n	0.16873183188220253	0.32211791962783926	0.19679818235528698	0.1604570224586591	0.15189504367601206
aeroportuale#a	0.1661281156769341	0.18212890334001922	0.3167369555443323	0.14386854788916156	0.1911374775495528
aerospaziale#a	0.1757168372972783	0.06184657009666591	0.057872085729070204	0.4502113868043058	0.25435312007267974
afa#n	0.14222334480458046	0.30362043209465306	0.21676010619117464	0.2419399113572518	0.0954562055523399
affacciare#v	0.13088448026320929	0.19636840284080942	0.16919790949821592	0.2693030760696996	0.2342461313280658
affamato#a	0.10041580501469312	0.21704976290555947	0.21177402473473503	0.2956224204499644	0.17513798689504811
affannare#v	0.11927457798043979	0.2949857816133987	0.18580462100778225	0.12363815953345383	0.27629685986492547
affanno#n	0.1355130623367567	0.23526660902017882	0.20546450318561452	0.1374859954499728	0.28626983000747713
affare#n	0.23387178617223175	0.26615123009899083	0.11977807291785644	0.19300802453243682	0.18719088627848418
affari#n	0.23761386318913774	0.23719850991827013	0.11204320347743771	0.20591397865148411	0.20723044476367025
affascinante#a	0.04066225921084533	0.22834265433404152	0.14626800438028187	0.2793633235718625	0.30536375850296876
affascinare#v	0.10158552240626346	0.16215665444162788	0.17729144975644065	0.29838449213160184	0.2605818812640661
affatto#r	0.188006563141124	0.23889981474978822	0.1493494177051693	0.23228632872375868	0.19145787568015987
affermare#v	0.22819798586795048	0.21932414886006213	0.15848243641588583	0.19266789547327198	0.20132753338282944
affermazione#n	0.24426493165144944	0.1698959849437995	0.13778776548522664	0.2446170389797804	0.20343427893974397
afferrare#v	0.13710676756420087	0.14209309944795623	0.4051072584666679	0.18882172048568807	0.12687115403548707
affettivo#a	0.165003892617587	0.07612994161074037	0.28950247969294285	0.22580108638464655	0.24356259969408334
affetto#a	0.15293873941226513	0.23609827903556985	0.380019422903422	0.08793146831072883	0.14301209033801396
affetto#n	0.1394998904732645	0.12295195819078325	0.2995713377410247	0.21415242043205754	0.22382439316287
affettuoso#a	0.21410027147926047	0.16461379362432838	0.1953430670054979	0.25937368770540464	0.16656918018550862
affezionare#v	0.08108116651135945	0.14053612971545218	0.09721462138098637	0.5219654656809944	0.15920261671120747
affiancare#v	0.18576660356113536	0.17972858616550247	0.18423405095342782	0.24015234175571412	0.21011841756422012
affidabile#a	0.1356152298408587	0.25700465888579493	0.13073346526084026	0.25477722426827343	0.22186942174423271
affidamento#n	0.29845585164766225	0.19047123511468025	0.11591374615050269	0.19057141572793546	0.2045877513592193
affidare#v	0.20140430946357746	0.2272033126669627	0.18471084175179558	0.20289862878862014	0.18378290732904415
affievolire#v	0.17679270377528708	0.12375919161891653	0.2714124162177989	0.16602791596882896	0.2620077724191685
affilare#v	0.06415887636365729	0.25209306595367365	0.07027456512961668	0.5229947987780881	0.09047869377496445
affiliare#v	0.15123617133090442	0.2473950729744481	0.10149974101301254	0.31290757914612116	0.1869614355355137
affinare#v	0.11861458375115438	0.08025751876168773	0.2582499547533601	0.26990398662671966	0.27297395610707814
affine#n	0.25724294334888326	0.10874950253222944	0.2890338219404282	0.17742968595118513	0.16754404622727412
affiorare#v	0.1308609502872238	0.14353429323660755	0.25540584218911433	0.30724804756669544	0.1629508667203589
affittare#v	0.24595538946426715	0.21933960691481197	0.14365471630740506	0.22734115109079375	0.16370913622272187
affitto#n	0.2116211005864964	0.19684552931222055	0.11051027839915184	0.26929984402404433	0.21172324767808673
affliggere#v	0.1402381467384003	0.18486373290167454	0.1237554796005575	0.2749814848966001	0.27616115586276757
affluenza#n	0.1326638159355784	0.1769497894440449	0.11108580038301183	0.1793139071075626	0.39998668712980223
afflusso#n	0.27968364461802686	0.23030493339010355	0.12624400911601494	0.20881697329217638	0.1549504395836782
affollare#v	0.2135829165502598	0.20951366959665094	0.22541588337889304	0.11482205557356487	0.2366654749006314
affollato#a	0.17835774335545837	0.21717345876377547	0.13116048029990668	0.277744373333172	0.19556394424768758
affondare#v	0.1549963387064205	0.17555625169001013	0.2923153402357827	0.14145910729647987	0.23567296207130664
affondo#n	0.25941290086853785	0.2054355979044548	0.07209306589450505	0.2594428538567553	0.20361558147574696
affossare#v	0.2581043134844331	0.3111617493287258	0.11631606921102511	0.12324671144096914	0.1911711565348469
affrancare#v	0.3870159694741932	0.1592111683209929	0.24779099604001298	0.12682938755889722	0.07915247860590384
affresco#n	0.07692222697830133	0.14156276667961934	0.10349140674304871	0.42646689220325024	0.2515567073957805
affrettare#v	0.23776721740777348	0.19515031394743002	0.15570114566876458	0.24250498038724108	0.168876342588791
affrontare#v	0.2041934159214251	0.23156076350886698	0.14814209226242372	0.20829612453084032	0.20780760377644386
affronto#n	0.1254824302487376	0.10866634011087013	0.29800093294733804	0.18076506784811505	0.28708522884493926
afghanistan#n	0.17469807133447923	0.21316661488735422	0.324699289916964	0.11645232688997778	0.17098369697122456
afghano#a	0.18473172824322037	0.15395658991671501	0.37377013559680305	0.11483050579926456	0.17271104044399693
afghano#n	0.18506561443799385	0.16366908653416082	0.2848101201362578	0.23466861564111668	0.1317865632504709
afghano#v	0.28583399194938597	0.08732769288489466	0.419787020013483	0.11812929019285111	0.08892200495938511
afp#n	0.33907182831469945	0.0944145799600815	0.3021060696562063	0.11217036939353893	0.1522371526754738
africa#n	0.17867471517424993	0.26504385751492227	0.14886379397538607	0.21761321135905587	0.18980442197638583
africano#a	0.1801769453909451	0.23275582990590565	0.17648636288356978	0.18655198782858562	0.22402887399099375
agcom#n	0.3501799134326292	0.16810733834496136	0.124968475597311	0.15401514910556668	0.20272912351953165
age#n	0.10483251530020292	0.1532438889907044	0.1248047410957943	0.27755986476874317	0.33955898984455524
agency#n	0.17162532853339374	0.3069607958670851	0.20878681119496495	0.15948599612390132	0.15314106828065488
agenda#n	0.27386124419595737	0.202964217594226	0.1404528684573164	0.17462513235024849	0.20809653740225179
agente#n	0.21828032374553832	0.20031530968964162	0.2629967961493407	0.1763235020746991	0.14208406834078047
agenzia#n	0.208039276001226	0.25203574901711673	0.17904794654579803	0.18336898433281212	0.1775080441030472
agevolare#v	0.2333137448453457	0.21298135533354834	0.1254236912386288	0.21368991314793367	0.21459129543454344
agevolazione#n	0.3137605090829939	0.1891690562138146	0.1217579169442719	0.19176972091580372	0.18354279684311595
agevole#a	0.15407868413269038	0.3837007353304465	0.21043103810376332	0.0718593562710795	0.17993018616202036
agevolmente#r	0.08251845134896826	0.17920381581922568	0.0838266921177975	0.280061833139083	0.37438920757492566
agganciare#v	0.20306985631971033	0.11272317283743022	0.1795445365728223	0.25048914301561515	0.254173291254422
aggancio#n	0.186424686366716	0.2578260549398563	0.22952249973616842	0.0596489791985064	0.26657777975875285
aggettivo#n	0.1010332178313508	0.21111407859599346	0.049030426091329085	0.31852927624810734	0.32029300123321935
agghiacciante#a	0.354724945320551	0.11296683591045646	0.2939218058196887	0.11892555386291515	0.11946085908638894
aggiornamento#n	0.15420145322687445	0.29466432315329777	0.1751244927012657	0.21686223370017677	0.15914749721838528
aggiornare#v	0.1853439998522711	0.21915922371788554	0.1734574438112224	0.1697484884115876	0.25229084420703346
aggiornato#a	0.3093105312253775	0.1960987191665614	0.17743788537344932	0.11672072194684951	0.2004321422877624
aggirare#v	0.2310557566819846	0.17733243125333403	0.20461985601200863	0.21323675960665145	0.17375519644602122
aggiudicare#v	0.1225977228103008	0.2214966135661076	0.10816045442968991	0.2969618682095566	0.25078334098434507
aggiungere#n	0.2783682573340972	0.2760973713097746	0.04285479324093602	0.01479674832016403	0.3878828297950284
aggiungere#v	0.24765418505021675	0.1943717967075603	0.16255069318966814	0.18739440367902746	0.2080289213735273
aggiuntivo#a	0.2953325589035725	0.26546741251967415	0.08583195222453659	0.17247615846521014	0.18089191788700665
aggiunto#a	0.2528384189818768	0.27105215690861145	0.11991802422307643	0.1665681449029705	0.1896232549834648
aggiustamento#n	0.3053886361303266	0.21394954348404063	0.1008656694646978	0.21679556462658045	0.16300058629435454
aggiustare#v	0.2032140555052166	0.26490994559919806	0.16836740540463677	0.2045925539112705	0.15891603957967818
aggrappare#v	0.14014829282276012	0.1497919459082912	0.31467229975334676	0.19735498440235033	0.1980324771132515
aggravante#n	0.3321020107932442	0.14888455570984524	0.17453245312165092	0.15849300775254482	0.18598797262271496
aggravare#v	0.25810337823573054	0.2732596645919644	0.23685289642805063	0.11853065286818344	0.11325340787607091
aggravato#a	0.3778863728833104	0.11041116730152639	0.1789509036050128	0.15945091845142512	0.17330063775872523
aggravio#n	0.6930947250555904	0.04308964058296229	0.13128015664160372	0.07238205364834688	0.060153424071496715
